id7000063_C,id7000142_C,id7000189_G,id7000253_G,id7000337_A,id7000384_T,id7000496_A,id7000587_A,id7000978_G,id7001596_C,id7001694_T,id7001985_A,id7002427_T,id7002758_T,id7002801_C,id7002848_A,id7002907_C,id7003047_C,id7003059_G,id7003702_T,id7003748_G,TBGI330678_C,id7003994_C,TBGI331039_T,TBGI331356_A,id7004205_A,TBGI331616_T,TBGI332001_C,TBGI332082_A,id7004343_G,TBGI332235_C,id7004429_A,TBGI332396_C,TBGI332546_A,TBGI332680_C,TBGI332694_G,id7004589_T,TBGI332802_A,id7004719_A,TBGI333276_A,id7004871_C,TBGI333914_C,TBGI334039_C,TBGI334735_A,id7005252_G,TBGI335079_C,id7005331_C,TBGI335391_G,TBGI335561_C,id7005441_A,id7005477_A,TBGI336045_G,TBGI336205_T,id7005611_G,TBGI336515_T,TBGI336541_C,TBGI336543_C,TBGI336549_A,TBGI336564_G,TBGI336565_T,TBGI336573_G,TBGI336582_C,TBGI336584_T,TBGI336586_T,TBGI336589_C,TBGI336599_C,TBGI336608_A,TBGI336611_A,TBGI336614_A,TBGI336622_A,TBGI336624_T,TBGI336626_T,TBGI336642_G,TBGI336688_C,TBGI336691_A,TBGI336701_A,TBGI336702_G,TBGI336705_G,TBGI336721_G,TBGI336728_T,TBGI336735_A,id7006027_A,id7006093_G,id7006185_C
1.0,0.5735556925323857,-0.13288298179582383,-0.521017706488792,0.31577292383178196,-0.5117558397369636,-0.2362699557301211,-0.12937826214076814,-0.1552968544615923,-0.18202519585643992,-0.227014472245007,-0.2235666492722887,0.10933211588996135,-0.023561965658759936,0.16842063793647472,0.15636856312991984,0.3045925170891564,0.2343224429772206,0.28435676976826685,0.025413864907936387,-0.002836463964338831,0.0699201828345194,0.0646117178724583,-0.12896696188354229,-0.09717451139922964,-0.0681183065428725,-0.13522122400622974,-0.2905101967262599,-0.30646430621320225,-0.06896069103329308,-0.33379237995868716,-0.2829052352647761,-0.04848270690996971,0.1687457878076226,-0.3291981204142232,-0.33694685851179323,-0.0008055582186321944,-0.31385617764696716,-0.19179893956253977,-0.2496774506902487,0.0023832565997197615,0.021138737992629462,-0.2779669991646237,0.24604941385355147,-0.24219371767894163,0.09951384086509467,0.2225822250597813,0.12852171491535397,0.19373742828798093,-0.21368614945292974,0.3187526020352421,-0.13567087383298235,-0.18168166265186886,0.058300945316643725,-0.2511936428401442,0.12987996817389952,-0.2400544431446871,-0.24736905929311523,0.12743914205161594,0.11385110234706451,-0.28711433776387774,0.016288208231313973,-0.06806565304173039,-0.009853064500598552,0.04278681230939585,0.014422287393482893,0.028656731155804718,-0.011150882610021798,-0.25345449198458525,-0.25146471699717854,-0.1848510734402398,0.0058141729268779115,-0.268787048276439,-0.11996662682996946,-0.1307956109312563,-0.153823111309826,-0.11624540417051624,-0.09379035115550435,-0.2629369251528033,-0.1375069109345513,-0.11996662682996946,-0.20634167222712058,-0.1237626171480912,-0.2521684432372156
0.5735556925323857,1.0,-0.18353072054660838,-0.6743904648139125,0.5542865265275262,-0.6686526046616641,-0.339837251153729,-0.176103047803445,-0.27606564940059614,-0.26116295081802504,-0.3078331063405594,-0.26816715951881875,0.16801654513203693,0.08400048402890223,0.0871461989209498,0.08940919705242246,0.17624077920304843,0.00873115557299702,0.11445612321518163,-0.06199923645521727,-0.10153944739667324,0.015024638993976195,0.15227730432204187,-0.07555814829369435,-0.04160273895450315,0.042907555712886174,-0.19806241085603726,-0.12492295847195377,-0.18007111414620425,-0.04150360995042807,-0.14135343948235216,-0.20232947686287464,-0.034204303699161435,0.3145561427736734,-0.221109474471003,-0.21834509161388688,0.07561391510475012,-0.20162958074802037,-0.010914785507110386,-0.13816869346704383,-0.14261937367009792,-0.2676686445214454,-0.3663988606570859,0.19543715923927274,-0.30566011139504384,-0.058215572808891836,0.09813912278685409,-0.09258651807308091,0.16648788042412135,-0.25589538629309516,0.31823477443035464,-0.04609377086081428,-0.2415045971234104,-0.0950392883241524,-0.30918527319315553,0.18896135604658565,-0.311955763045134,-0.3058215571867658,0.18234610969651,0.1901986917565735,-0.2624506325230366,0.16713434125243387,-0.01194517971606601,0.02868406900831995,0.18955338858441115,0.17927756965516534,0.17775145782348561,0.01887131259206935,-0.3144211412936467,-0.3108850053817019,-0.26621842886541813,0.017388410848965214,-0.3254148713535501,-0.17449768041758762,-0.15563948508593853,-0.20921917487743358,-0.17396310489938543,-0.2884685796191054,-0.3250873599191863,-0.2525432611983327,-0.17449768041758762,-0.27048374119548185,-0.14447030505587563,-0.33164304528453503
-0.13288298179582383,-0.18353072054660838,1.0,-0.11400034192337406,-0.15079218350594406,0.2461673766111112,-0.055065737104268826,0.7129884644876349,0.33408786858801187,-0.04400487275116775,0.4599899588187787,0.4246133614842127,0.17766575613442123,0.20981722014841997,-0.08799855702395172,0.22963598072592997,-0.10333794252037098,0.17672161031989528,0.08967953941232414,0.25288272871190337,0.1586917961366339,-0.007356666423925584,-0.1580194301905913,0.06354849785224927,0.045713352731642724,0.08328501702458131,0.2711315419548898,-0.05759672893658764,0.06568578333239443,0.04560442915489987,0.025699500938805436,0.06988558036958538,0.1929186110423379,-0.08039044081606118,0.08957727731390762,0.08613551872960264,-0.023798416030141812,0.09374131677571956,-0.05649765408952038,0.0922130459158144,-0.01982792185434594,-0.013456946226256266,0.12234164224885795,-0.07600539354578864,-0.002831273986370027,-0.03473281925363072,-0.035624519981356795,-0.015129263480846498,-0.13669347518925412,-0.044692576323288775,0.005582294859972816,-0.029596187760452336,0.006081585401899862,-0.005761299527011709,0.014254489267674291,0.14538074949447308,0.13228390075913535,0.031036561431275644,0.1443316433430807,0.157199760565785,0.10122725276191391,0.15882422394691229,-0.011433537929432393,0.16356247552141392,0.17703837983658158,0.18371654892286302,0.16902215002612245,0.16478138573811058,0.029619871324124497,0.03155042978771804,0.10566239664060743,0.16016874652136956,0.019472037805618733,0.12265363714862197,0.11714440803789113,-0.06942926227983875,0.08464297698361686,-0.13965184798722233,0.027644526307002492,0.0722503669905949,0.12265363714862197,-0.041311352983639714,-0.06722773630200637,-0.047680200703493554
-0.521017706488792,-0.6743904648139125,-0.11400034192337406,1.0,-0.5343782104407715,0.7069930561024521,0.34953555617874604,-0.014036899178896197,0.1620607134467785,0.2774466183432888,0.18910155742071522,0.19119045484889166,-0.2252467010991954,-0.15339002486638637,-0.05936207611486132,-0.1797861060222856,-0.2250899698084388,-0.32161808436187367,-0.3118323814718433,-0.028727821801372073,-0.12388440936652526,0.04281725756153929,-0.00602828799781856,0.08699656735365716,0.10458383545982534,0.004535446613450093,0.1328614751986924,0.13823422598288268,0.211688062315627,0.07958184648886688,0.18516218806639576,0.21107037692253897,-0.03386885567558131,-0.3040112129493504,0.2145912321935381,0.20192255130584727,0.0030684439602216966,0.18488395738440275,0.013343182919217302,0.13062820818865065,0.16667302951204901,0.09355620271292633,0.3242046970307351,-0.32361879134479954,0.2806626138103687,-0.01337858360981484,-0.2609582737265842,0.07010044847370385,-0.20316537845345714,0.28704921303668113,-0.2673528196754676,0.09974983875706164,0.2746323151434892,0.1818846692830436,0.314849429314885,-0.3325070118122857,0.32418625133584794,0.3008240782208506,-0.34759536330253976,-0.34279616006482727,0.28532386617714156,-0.25150022753195234,0.11123166932070223,-0.17971080216388127,-0.30417764850528256,-0.3050834301061274,-0.28405327959720456,-0.18564878780786429,0.30207308557736073,0.3152672075596213,0.2582267799039471,-0.18240883199583294,0.32476115755917995,0.16239737728508258,0.14625120765456556,0.2340016820237194,0.20672838811513447,0.3089047435010771,0.3242004418277435,0.19699738674361097,0.16239737728508258,0.26229764488776336,0.24404949803942697,0.3568614612848528
0.31577292383178196,0.5542865265275262,-0.15079218350594406,-0.5343782104407715,1.0,-0.6186372051854461,-0.22127300938570538,-0.19000962660426265,-0.25595892954484256,-0.15302464461021248,-0.1980599776120574,-0.20020022624686262,0.11657992736494681,0.23843287833693305,0.01227243202351773,0.04297379431327082,0.1779037743714855,-0.07579424165920592,0.023837052894393272,-0.05124855502884124,-0.02884414744810112,-0.059575636364349385,0.18693934142989663,-0.10766060651907647,-0.09339128144656023,-0.05624416097465157,-0.18330188446006127,-0.08821835096637816,-0.1623574356900656,-0.100885080314195,-0.10988792864499039,-0.11500272210215212,-0.029761485888658856,0.4247335458260349,-0.1641289200237064,-0.18088608054431227,-0.03452037594323051,-0.1494225652924563,-0.009659944206854728,-0.12337835400542436,-0.1931263668323795,-0.2792545076720957,-0.2654824283488327,0.1889002580058381,-0.18546356984313903,-0.12085511343226239,0.14578585730884838,-0.15627357622341861,0.07949216244341113,-0.15700853420818853,0.10169286868095519,-0.07772471590013365,-0.2689596038879528,-0.20878264068091618,-0.2325987684775851,0.23522088980951733,-0.26666821246614225,-0.21224452022775148,0.23225181458360664,0.2296440496238349,-0.28913605976604445,0.24527475965073733,-0.07723914910105566,0.09812114960661932,0.29442043395493167,0.26395445700868464,0.2822734542595531,0.11040601941391862,-0.21952216334156563,-0.21575862545538238,-0.18929001861331082,0.10454517848105167,-0.23623987144295694,-0.16225562609809557,-0.17386910287036408,-0.12774646463777414,-0.1953012229639362,-0.25265487124274866,-0.22210958886205193,-0.15766994580374155,-0.16225562609809557,-0.24086678976063883,-0.21424184511659633,-0.2665115875065893
-0.5117558397369636,-0.6686526046616641,0.2461673766111112,0.7069930561024521,-0.6186372051854461,1.0,0.30578645097268753,0.26337316370212677,0.27369399753574114,0.17094325751391157,0.27420787720127404,0.23251857584560812,-0.12098290461172963,-0.0457954552568296,-0.05520405501285131,-0.02278352436626862,-0.23932877680857265,-0.19153695494558082,-0.21103163761642826,0.13884783163741096,-0.022362040597052508,0.08419242390343822,-0.09797708125344995,0.16311882323800544,0.15738769230790475,0.043646421274060314,0.2664184357266755,0.11427033596407445,0.22976251500721814,0.13764452193819562,0.24273319058771303,0.22082399438244402,0.07061229423693985,-0.32563791975775586,0.24567800792820454,0.24355380698357051,-0.06255861872391145,0.2219298836353045,0.045036092566902136,0.13455111806365833,0.23770048564116836,0.1678959227050355,0.3546211425729194,-0.3090094856148752,0.2350431414997549,0.029627104318754857,-0.2154511935612331,0.11481236546201586,-0.21377578936333455,0.18084454915632112,-0.23311561507596126,0.10280532407633403,0.26694702550441435,0.21153961415825157,0.3610538443512044,-0.3082183905283878,0.4042806486363344,0.35066857674840135,-0.2977066738542608,-0.2863272145499706,0.3853233802492541,-0.20311385637515764,0.0376087854061224,-0.11726658176728492,-0.24040414655790845,-0.21873788932090937,-0.2257836448435845,-0.10882424658994552,0.3528681288258994,0.3466025503897389,0.3210243270089987,-0.11546598526280859,0.32112038160006307,0.24009779114824395,0.2234824063832188,0.21916536703686884,0.26013162139792173,0.20547421722892364,0.3446853011354775,0.21225880688722634,0.24009779114824395,0.3241588823957175,0.208628278159655,0.33668272169444136
-0.2362699557301211,-0.339837251153729,-0.055065737104268826,0.34953555617874604,-0.22127300938570538,0.30578645097268753,1.0,-0.022208616244880023,0.5384304013231399,0.6719664424720694,0.5670831246765713,0.5368849496566817,0.18561203745640087,0.22500290081207888,0.20048726230159505,0.03382665560820797,-0.03502052808556978,-0.08247449635094271,0.029456666412512135,0.09694413634880113,0.146844832473695,0.318381174823483,-0.2717681042926669,0.36163845760892804,0.3537958139022675,0.17889251197704686,-0.053092104505713264,0.5299563122970086,0.49658042475865355,0.3497468171079017,0.26801245333944496,0.4939543988798402,0.06849317939178348,-0.185578772646782,0.5012462153911,0.5021378625046773,0.11882835697774123,0.5053049486778121,0.12006829420732075,0.4204250844097541,0.3285412868733709,0.34514513265109437,0.6137899199141427,-0.1573998791577389,0.6683030153203217,0.3425658144204174,-0.010470174318439373,0.3723188863614094,-0.008666584542682508,0.634646048238739,-0.131736879959979,0.25195938661832096,0.5808208626527208,0.38709359315112,0.5381809546527622,-0.1795380084205335,0.5026953861040068,0.5433795470982352,-0.19191940767060633,-0.19467348832511253,0.47182568139512604,-0.21914068116452456,0.10361354503578146,0.10071833368090743,-0.24325701271184852,-0.24227800438899183,-0.22847513706626874,0.0928976899878363,0.5517366031276575,0.5376693000897229,0.3995881466546637,0.0900343743867513,0.621555777268231,0.08843449092851827,0.08037719813906428,0.47366654158326327,0.17756998557045262,0.4123205960394546,0.6046923543241055,0.45719192342108395,0.08843449092851827,0.4431706275733873,0.4266430422383891,0.5983898480259134
-0.12937826214076814,-0.176103047803445,0.7129884644876349,-0.014036899178896197,-0.19000962660426265,0.26337316370212677,-0.022208616244880023,1.0,0.33656066837773074,0.018032798078388257,0.40733806357313734,0.43913867844101756,0.1493989361902333,0.12868370454459135,-0.052754290727501596,0.16124648654492935,-0.079736104115568,0.1300945283729867,0.021213813004871733,0.19941187593520843,0.09830223976030551,-0.01576018583261924,-0.13239476370183226,0.04719833294630659,0.03733030673066267,0.017887872390404805,0.32957769564062883,-0.052157328501814246,0.09057315838659584,-0.005967108006163941,-0.041599701715405,0.07278797805296623,0.24251008347096076,-0.10108151992220064,0.02081580772117763,-0.007766929893949246,0.23086072458058682,0.0012683431383868197,-0.05093796296639196,0.015304417935801303,-0.010312030135861452,0.04251772715555087,0.10982156683435747,-0.08036812299004581,-0.014620942961885012,-0.03959937370362403,-0.05258263595878341,-0.002346072172953076,-0.09174213489292042,0.10219692174339676,-0.03122847085609374,0.0037055986090076772,0.02925971100481575,0.06621928159783945,0.09902571577323219,0.09914963121495929,0.18024656413527695,-0.04613224516955735,0.11289479666104142,0.07048462305656374,0.08667134104430832,0.15802769342254583,0.2023549893682845,0.05835690933054033,0.10149586414856646,0.10785263366404027,0.1602676957531913,0.03529953614376429,-0.0480339005204612,-0.04689605082041102,0.1695989106038235,0.05079589230653451,-0.03486962997362134,0.020778935459491082,0.016206823987455418,0.13455502030117036,0.1676951649117805,-0.2084860094867093,-0.04889971949280941,0.11154898747083229,0.020778935459491082,7.786407105748592e-05,-0.028053204358827098,0.003375719283043719
-0.1552968544615923,-0.27606564940059614,0.33408786858801187,0.1620607134467785,-0.25595892954484256,0.27369399753574114,0.5384304013231399,0.33656066837773074,1.0,0.5899841332220853,0.7335400496404493,0.6960475644190313,0.4036591734406358,0.27692535509878596,0.25906642363153753,0.21892540865663798,-0.1250490272344403,0.07958260484897173,0.15980050631350942,0.2575975306100558,0.19030993903863797,0.17290235603344228,-0.3264649862122154,0.431251292584179,0.44404226159438415,0.24673279102528542,0.202781062500184,0.5581769953338943,0.6067767943193052,0.44010998020935227,0.25323758902686055,0.5948724897168621,0.10821550618492959,-0.20279768107093674,0.5957288579593202,0.5991125242268844,0.08898745523076004,0.6028689864953152,0.21445924559408142,0.5449216073898363,0.19731338563849518,0.2637192403623504,0.7126912327286796,-0.15816496319249332,0.6723560771086515,0.2399604151518321,0.012118106354589174,0.2405000347581774,-0.08938559774719805,0.5561103361579323,0.04740193053843052,0.18950085782792922,0.7259651419884376,0.3411362825437608,0.6107605803443571,0.02770183011007669,0.5501795460412476,0.609183307605936,0.007540799032258824,-0.003585213091914128,0.56032880339405,-0.048022103913988944,0.08446272175271258,0.3346975333512648,-0.030358203741137627,-0.024420055226520868,-0.014587986124866874,0.3116516763501925,0.6150923577339992,0.6060844112512124,0.5424469331210594,0.3235625896301875,0.6735369648509223,0.22708164948976958,0.2143139649619673,0.4882887026089293,0.28783481378896214,0.4249875557422422,0.6585841316966619,0.4284126136027642,0.22708164948976958,0.5471457923947186,0.4932892122295531,0.6628344767404455
-0.18202519585643992,-0.26116295081802504,-0.04400487275116775,0.2774466183432888,-0.15302464461021248,0.17094325751391157,0.6719664424720694,0.018032798078388257,0.5899841332220853,1.0,0.7629664719728169,0.6861460298952211,0.26770024835701306,0.31143238988071054,0.22581483946848638,0.03677289460627237,-0.002489776624845227,0.027150102264026633,0.07992164212349681,0.09042718990574376,0.20533929827379974,0.216250442826348,-0.13487590260763316,0.5167493311055354,0.4565728807604033,0.18052084924926146,0.03216866917157763,0.6094088027125375,0.5581870914308374,0.4513463441797566,0.30226063804430114,0.5544561987493921,0.07731202789089076,-0.11736768863706708,0.5598657042619225,0.5744700245062172,0.09892828466266604,0.570134282715404,0.0382643600489898,0.5291309164383684,0.2537247026728862,0.32601286505663823,0.7082104459320326,-0.10234538753447314,0.658534035823128,0.2737558028856747,0.04296575754995135,0.3227139076777723,-0.04190015260582828,0.9096400346680468,-0.09254643002419316,0.3506741689378386,0.6157601443571773,0.32567203880072576,0.6360343287484376,-0.06727204137564989,0.523364535192089,0.6011314628208946,-0.09661520961827799,-0.10843985701271834,0.5289488320270741,-0.16853070313772453,-0.02254028589927841,0.2264486751363876,-0.20000681558674627,-0.18099780954494024,-0.166179711856834,0.2110962773039057,0.6139789124416271,0.6300695882508963,0.4785229239359969,0.21902521938553401,0.716108066023261,0.09563697234398644,0.08855297991346255,0.5421676215800887,0.1931115471379472,0.4861684245316688,0.644104549071883,0.41251386764716774,0.09563697234398644,0.37627377533085155,0.5120567760327743,0.6991186928108033
-0.227014472245007,-0.3078331063405594,0.4599899588187787,0.18910155742071522,-0.1980599776120574,0.27420787720127404,0.5670831246765713,0.40733806357313734,0.7335400496404493,0.7629664719728169,1.0,0.8808713945317777,0.35739265756823485,0.43924516045290407,0.15785444787783245,0.162267994258468,-0.03762259378473068,0.09035384099521275,0.12468770891879641,0.23932411632414402,0.26746620998473586,0.18141731726936378,-0.22760194543335016,0.4446410229858937,0.41349579545177306,0.20452345891750617,0.09509960473978582,0.5115692946495431,0.5133423209387612,0.4125105375715837,0.2938902450004459,0.5073064280751667,0.09077380347386829,-0.14522877800205808,0.5578739977885163,0.564561106421068,0.005546791665641598,0.577281123058153,0.014273883186375333,0.49241924881083704,0.2404421090984036,0.2511557478507283,0.6696737071006241,-0.14262987897617993,0.5873478699155504,0.2224936360933234,0.010919549181486965,0.26957815189615747,-0.12009795817150275,0.7400287917038968,-0.095344381835428,0.298203124408824,0.576845651563542,0.2529755933479032,0.5085041709653861,0.039992407868557026,0.4886410715400135,0.5567397845959062,0.022482602962099665,0.003272537690381934,0.49423775302112893,-0.07136102309502561,-0.023740317517154212,0.2913799823688111,-0.04984640409826821,-0.04012850256594433,-0.04417071355915475,0.2950762812705739,0.5511229212399391,0.5659576536149946,0.4405927714850653,0.28396502337198753,0.6373531066348672,0.11776896318314178,0.10986748830786883,0.39581417391736834,0.09920136228499388,0.3318108259348728,0.5928215622234604,0.43587736828064294,0.11776896318314178,0.36475272543351156,0.4229752509396355,0.6036366547491596
-0.2235666492722887,-0.26816715951881875,0.4246133614842127,0.19119045484889166,-0.20020022624686262,0.23251857584560812,0.5368849496566817,0.43913867844101756,0.6960475644190313,0.6861460298952211,0.8808713945317777,1.0,0.3226195258624886,0.37760752548374815,0.15045066454886155,0.12610937488423318,-0.015150655666489196,0.04314170907399295,0.15382899028526067,0.1986351767724504,0.23628401615580816,0.23242888350523938,-0.26344906377329136,0.3857163930594285,0.37425791670297154,0.23793084153731356,0.08152270292408724,0.47305167221614414,0.48875440834118405,0.3579578182922072,0.2466776917119614,0.49103108783390875,0.14743813268786587,-0.12855950942707878,0.487763354781946,0.4923658507152447,0.21870793559946058,0.48927724383262056,0.07366288843562324,0.4395092365444932,0.1881056720937332,0.23069587610564998,0.6022136339129569,-0.1364337925677606,0.5473028168957258,0.2025133386074103,0.017155958982837307,0.24482458366631404,-0.05927406900479346,0.7016758044903383,-0.07615496754763774,0.36386303934366904,0.5555371481170153,0.23219115721700725,0.49890804659652,0.0560523509016735,0.48077047550213764,0.48409955769152296,0.0569426639909982,0.0042881282082692825,0.4871220116908124,-0.040064511351080266,0.13302468776917642,0.27343297961102037,-0.04165889300419732,-0.044547525340714475,-0.012074440148312849,0.26583880156232415,0.478700647051395,0.4921147318149927,0.43055254631971274,0.26522332364707435,0.5788044630334748,0.12417573513521743,0.14818922228672585,0.4065829312590976,0.17582518210022874,0.29160325029147915,0.525497945123062,0.43490801205148694,0.12417573513521743,0.3280355628427767,0.41502823708679487,0.5380890849678108
0.10933211588996135,0.16801654513203693,0.17766575613442123,-0.2252467010991954,0.11657992736494681,-0.12098290461172963,0.18561203745640087,0.1493989361902333,0.4036591734406358,0.26770024835701306,0.35739265756823485,0.3226195258624886,1.0,0.6260329342358978,0.4066202010008774,0.40283144939936716,0.16289087258494264,0.17354798627399212,0.3051714735587169,0.31274087872692174,0.4309901082603002,0.23295832256128501,0.026848988654761246,0.09346827691191124,0.07167085981265992,-0.011997228285168922,-0.02707190080222946,0.1933325347320789,0.14566855807254014,0.08886791375985052,0.03717380038218967,0.11933581635945929,0.10140701119844388,0.3288555713310818,0.1686910418877288,0.16468104652606588,-0.0043908016443633185,0.18872701785013343,-0.12322382715820085,0.12994203320053221,-0.16174008417806243,-0.018962858627469735,0.2735651380671018,0.14504797207506806,0.2796805101927149,0.20715577825986553,0.20511243961126496,-0.028477973329055103,0.016595054593008394,0.2505451146144386,0.1695610680538878,0.1508460097108818,0.2605074129980322,-0.03810474365967477,0.20740939965581404,0.34396300944277236,0.15613154015294556,0.23074479425181882,0.3389660211271215,0.3406167895660857,0.22607687270149082,0.3443101818079879,0.013642863723314956,0.4523027879160682,0.3657468476473732,0.36667282083166336,0.37080769759456356,0.4439811834488929,0.23098004637214956,0.22460622358896065,0.16212629013768162,0.44861007177097734,0.24992817653574084,0.016158469860707375,0.00026589397054476745,0.1540853460893426,0.009809543855011264,-0.11850219697073897,0.24233278567427427,0.2601008111003418,0.016158469860707375,0.1675527544967286,0.2215258891555689,0.24145264441978662
-0.023561965658759936,0.08400048402890223,0.20981722014841997,-0.15339002486638637,0.23843287833693305,-0.0457954552568296,0.22500290081207888,0.12868370454459135,0.27692535509878596,0.31143238988071054,0.43924516045290407,0.37760752548374815,0.6260329342358978,1.0,0.389091271588904,0.42567772495846284,0.12598259490409683,0.04958572758254699,0.3430994007819841,0.29551661238905647,0.5670099024861797,0.20974132344432075,0.19016608367392276,0.09175492980467449,0.03294054605811516,-0.01718015440882272,-0.04615913647738696,0.1964927406474215,0.16086746413784922,0.04385447734927466,0.0081877322187091,0.16815093588105956,0.14841896306748636,0.5429241109253748,0.18984371650984605,0.20993969174886343,-0.00281929546895915,0.20671426262395742,-0.03497198794628917,0.1583737416466356,-0.12422630577759262,-0.15746660551229144,0.27244770890724607,0.1820330197624068,0.26458572651708284,0.22363416407464257,0.24366762273088421,-0.12009035790621435,-0.07545458284329608,0.32229256621510594,-0.009234028260712748,0.08432176922802186,0.22819166729194382,-0.1506896751432735,0.1680297688659458,0.3274118350238601,0.20559795321996366,0.22705913762207908,0.33580950366470014,0.3347283781825715,0.12863753809549439,0.34916139090786835,-0.04921025922135729,0.44717169855484384,0.3934358253035284,0.3946723854755751,0.37064150481081026,0.451512952475818,0.23032067108968413,0.22073336686054604,0.18732955182065708,0.43978033112579157,0.2680235450286613,-0.027419403745799553,0.0002154102103743805,0.1497140562196731,-0.06278060297207615,-0.15451311514544075,0.25443401756703865,0.25251756256552416,-0.027419403745799553,0.1742078840164717,0.13483311797421768,0.24777174551258582
0.16842063793647472,0.0871461989209498,-0.08799855702395172,-0.05936207611486132,0.01227243202351773,-0.05520405501285131,0.20048726230159505,-0.052754290727501596,0.25906642363153753,0.22581483946848638,0.15785444787783245,0.15045066454886155,0.4066202010008774,0.389091271588904,1.0,0.8212025942527494,0.15282744689502836,0.09703445187308261,0.06092667321698806,-0.024050321106929416,0.27146467716595957,-0.014632430042831867,0.01694811455058329,0.09468340850354387,0.11423728004514351,0.03839519402577459,-0.05692918369320559,0.19409089512311667,0.17031314224742483,0.15070342835778178,0.10262060671013751,0.14404061080642128,0.13228920686838244,0.13929765718080844,0.1478342834402456,0.16805030249630695,0.1373668211008793,0.15208927153539778,-0.005288635555502669,0.11630566962778238,-0.1422620145732577,0.00023268331084958695,0.24418385302660128,-0.06728412959752214,0.2820446798565547,0.039001059703117485,0.021439007121409153,-0.01547872935539264,-0.007056382346315683,0.2088906811568929,0.10684790369418684,0.022969729970361872,0.21822702486189557,-0.0696248469564843,0.1814858959496549,0.013009333805661008,0.17084753323668778,0.18636828174533415,7.926483359960309e-05,-0.006660752491594865,0.2155424373323001,0.018914339263496397,0.04933496295775161,0.12551082537065575,0.017278570774877308,0.024099390096740947,0.005458017896512086,0.10944954920169346,0.20104596729370447,0.18945395741999066,0.13684829038263063,0.11775029978489561,0.26058039174029407,0.03752891373125313,0.06597518443789863,0.17509553365947647,0.07550261362498453,0.056836312904210345,0.2312626153268938,0.24043772500500282,0.03752891373125313,0.3336544103978534,0.2633949103485879,0.258672490175153
0.15636856312991984,0.08940919705242246,0.22963598072592997,-0.1797861060222856,0.04297379431327082,-0.02278352436626862,0.03382665560820797,0.16124648654492935,0.21892540865663798,0.03677289460627237,0.162267994258468,0.12610937488423318,0.40283144939936716,0.42567772495846284,0.8212025942527494,1.0,0.08719664595432547,0.14888663483875103,0.115428057079296,0.06987354539480252,0.2690230508613785,-0.04864235318897025,-0.006153576143342327,0.012813807335579836,0.027665913949151966,-0.002904027797039832,0.0167784277944615,0.04288908367447786,0.06974172900772657,0.0683183790907242,0.06885742048173113,0.061313417997446246,0.18089113142786786,0.1429457080200415,0.04446694539056067,0.08246942952020406,0.0914700603762148,0.06419459642454865,-0.0323559696362313,0.0746913180511347,-0.1687550227808392,-0.08331905866721176,0.13266026994809632,-0.08212672536252157,0.14419266508569104,-0.03563289014567814,-0.05929310083943243,-0.08503635954972409,-0.07639904363379124,0.019281894918487953,0.1127661802024706,-0.04978983189177592,0.07822275637250571,-0.14434443603499109,0.11243732015292895,0.0129605942573106,0.16242350304695716,0.13580615213408037,0.021246231380532023,0.031858912544980494,0.1716169679604062,0.09610280188896775,-0.043594795741179346,0.11577893183144655,0.08916201065339864,0.09952380038750426,0.07937953468137914,0.11257981698031998,0.15061484466345168,0.13805467713084704,0.13071372142001048,0.10840310137091216,0.13962761422830416,0.012627693420704654,0.04144790809864247,0.08383850574957187,-0.0019556683101952673,-0.08185761406017099,0.1355222828603888,0.18253553024274646,0.012627693420704654,0.2494974537682173,0.16961468288366707,0.09851452604811256
0.3045925170891564,0.17624077920304843,-0.10333794252037098,-0.2250899698084388,0.1779037743714855,-0.23932877680857265,-0.03502052808556978,-0.079736104115568,-0.1250490272344403,-0.002489776624845227,-0.03762259378473068,-0.015150655666489196,0.16289087258494264,0.12598259490409683,0.15282744689502836,0.08719664595432547,1.0,0.5157295007794673,0.5817785181395038,0.13114035562288973,0.23646692808981512,0.1487559549204182,0.1867458130892082,-0.008685144218894093,0.03902066599288161,0.020267739069832365,-0.0681808849500444,-0.06811401606446943,-0.10898621178744887,0.03892768942798638,-0.12052399977852829,-0.09414450403354253,-0.004736741857737687,0.11846604744129037,-0.08845708598089044,-0.08209904828677297,0.0874773370384873,-0.08183462150198588,-0.12279829416614665,-0.0333070801271109,0.2245924230933474,0.0722026222206499,-0.07746225026663214,0.1116114708871755,-0.042913267090627816,0.09312250533817969,0.3311125393505054,0.17638821173448277,0.1436392998983009,0.016909378997576118,0.3246367619035001,0.23477148963785863,-0.04576478398427847,0.1225771925279234,-0.06607435596222223,0.22506263350238886,-0.05715723425591644,-0.058767804503450136,0.23786739218577635,0.18749384663088964,-0.08831437967860714,0.07424333139989973,0.0320312919828146,0.17004036774778533,0.09054958333347714,0.050010506489457054,0.09118631910844556,0.1547881025604869,-0.06422623958866838,-0.05974081548531384,-0.04895253875700049,0.19641966614991493,-0.05718903688148367,-0.016003600010167287,0.008351815262740916,-0.032503030709102765,-0.040250974709527106,-0.12252455681760115,-0.0742337573689553,0.03482259741261849,-0.016003600010167287,-0.05140284761422571,-0.03742884687464183,-0.05102374281630442
0.2343224429772206,0.00873115557299702,0.17672161031989528,-0.32161808436187367,-0.07579424165920592,-0.19153695494558082,-0.08247449635094271,0.1300945283729867,0.07958260484897173,0.027150102264026633,0.09035384099521275,0.04314170907399295,0.17354798627399212,0.04958572758254699,0.09703445187308261,0.14888663483875103,0.5157295007794673,1.0,0.5386553059270165,0.16422582254285942,0.3900404821479516,0.046748398153869136,-0.008298299541313421,-0.04461311252977878,-0.026296533878370925,-0.035214052115141725,0.12146672537825949,-0.12263956579875139,-0.08094714404595675,-0.026233875763076172,-0.13459014381685322,-0.10962015309207185,0.12623150024250565,0.07442997341149414,-0.054760890062467704,-0.04299627344542267,0.07216797854906068,-0.03324351674394741,-0.04637061168239521,0.0120335436254068,0.08358993507046089,0.23560302950027617,0.01778209607892324,0.18820950310756634,-0.027177261067410568,0.14145708705707935,0.3104387803196419,0.17054079465687247,0.22769461270226332,0.02439747971096528,0.3723267717283248,-0.08264117989677752,0.05363625698907579,0.1635552015711787,-0.045822944460423516,0.3179502399413004,-0.04047273803854846,-0.03558069903735129,0.33133413849056187,0.27242182425290207,-0.04535706351850587,0.15926453750250344,-0.06771783909112299,0.2673147564478582,0.19805981241606269,0.1789827789280109,0.2100870306536503,0.26347872438843484,-0.042779086445066894,-0.036169804095779835,-0.00222051503922759,0.30289898781590757,-0.007837764329123465,0.0793527336606832,0.09582644716681306,-0.08450811127650269,0.04238215321889574,-0.054282114530687396,-0.03766485336741166,0.011667774018293203,0.0793527336606832,0.012608318628152749,-0.03808068667759401,-0.0189967995410592
0.28435676976826685,0.11445612321518163,0.08967953941232414,-0.3118323814718433,0.023837052894393272,-0.21103163761642826,0.029456666412512135,0.021213813004871733,0.15980050631350942,0.07992164212349681,0.12468770891879641,0.15382899028526067,0.3051714735587169,0.3430994007819841,0.06092667321698806,0.115428057079296,0.5817785181395038,0.5386553059270165,1.0,0.40819369146381596,0.5155895222970984,0.24965368531521656,0.021011132545842914,-0.02626436565274596,0.03142882671964498,-0.014644231740317626,0.025285853975782084,-0.019600239631050377,0.017635483954071392,0.04682818999874748,-0.16948219127584435,0.02011399240426869,0.07329559194466909,0.23996606694182168,0.004547710965800815,0.04005990877214385,0.08003325708480737,0.04566724497161155,-0.05010725691402567,0.08691542244589603,0.18828848550458596,0.15478729084450682,0.10373471249338573,0.2504756930862993,0.08555653775561713,0.309558724595019,0.3723906706790341,0.2453232426976911,0.041215195762245346,0.022767518547284392,0.37825460605781036,0.10322162419313737,0.1649797766017853,0.1389199701256609,0.12299638513073535,0.27524635041560186,0.12366588376466167,0.14593331195705,0.28743273989560564,0.2675343439214779,0.016047749500912322,0.13931071017452853,-0.08131391273331955,0.32740345422755773,0.16698690741079195,0.15296970701629933,0.16379797143291494,0.3337478195714335,0.15015439989853427,0.14834951103669397,0.117864715442977,0.34597198732506484,0.13820055296591222,0.11431794643782713,0.1207642414742677,0.049335458686696476,0.04862017333821646,-0.031179798177320923,0.1286342878440361,0.1024296107675981,0.11431794643782713,0.11488811272776164,0.03628067984878303,0.09791655611368823
0.025413864907936387,-0.06199923645521727,0.25288272871190337,-0.028727821801372073,-0.05124855502884124,0.13884783163741096,0.09694413634880113,0.19941187593520843,0.2575975306100558,0.09042718990574376,0.23932411632414402,0.1986351767724504,0.31274087872692174,0.29551661238905647,-0.024050321106929416,0.06987354539480252,0.13114035562288973,0.16422582254285942,0.40819369146381596,1.0,0.5994066706955864,0.4264170705709205,0.15894812563753674,0.08259921152231803,0.22050983345440334,-0.012334109428069943,0.20270455166494453,0.1021193247720987,0.197705244413313,0.21563843293761692,-0.07551270282549835,0.17522596937541607,-0.016233199224281993,0.16598004756827903,0.21600507157613943,0.21227411292585585,-0.025748207212542902,0.2094543309206358,0.06762432353559027,0.18831083390290224,0.2390467227933176,0.13769673570735164,0.31158671566809304,0.1945994241797644,0.31139966914943606,0.28040340441847816,0.10286340553287951,0.16602773725431114,-0.28538160886262887,0.1077341028566255,0.04865773700812736,0.06547767111154008,0.24221610505936186,0.19095420068549776,0.2957617205187687,0.2614227459867334,0.3145496870020547,0.3106044277486883,0.2705062488219775,0.23527007520412785,0.22081628718460103,0.22871199588452057,0.04018620181160636,0.3738198391961633,0.2207945247624984,0.20874123035089862,0.25422608435774335,0.3887763890297664,0.30355046968778737,0.2958106438402036,0.27305950859350386,0.4165728449392228,0.2774909780761944,0.2470821199895443,0.23063723003367392,0.2099246225606768,0.21369837686541274,0.09202966449993534,0.3158805818058283,0.045421925356596185,0.2470821199895443,0.3209587071698017,0.08979979605807276,0.2552532430041802
-0.002836463964338831,-0.10153944739667324,0.1586917961366339,-0.12388440936652526,-0.02884414744810112,-0.022362040597052508,0.146844832473695,0.09830223976030551,0.19030993903863797,0.20533929827379974,0.26746620998473586,0.23628401615580816,0.4309901082603002,0.5670099024861797,0.27146467716595957,0.2690230508613785,0.23646692808981512,0.3900404821479516,0.5155895222970984,0.5994066706955864,1.0,0.22157249663294412,0.0967108412904938,0.024591710846549517,0.11008848958569223,-0.06226701062018361,0.1443457162918928,0.06235256501474381,0.11047618951012118,0.11369008666432082,-0.11977646401606465,0.08817494889913807,0.14859525525259032,0.3930312834810653,0.14899686351587182,0.1643838828294917,0.023302693691140863,0.1492016149027197,-0.024122887744760776,0.11716557290447625,-0.021352884514207058,0.11480676457840217,0.29971871371710535,0.22190741052126925,0.2682640285884545,0.3066979654516501,0.3049580944481104,0.09588077715651817,0.030166170096420822,0.2029850341680629,0.16715845348630448,0.029267683569957036,0.22567189232157456,-0.019637274589128978,0.21728335363476292,0.30068024272467886,0.25517649615515875,0.2572978257917902,0.3067528589431581,0.261293099691731,0.13359559480938424,0.28122112364683055,0.0018500257963189513,0.40087144881963716,0.3026630839014982,0.28733682419221324,0.2920929120628788,0.4028447476833111,0.2647723164789145,0.2615578728059732,0.21727909061973089,0.44016354567185506,0.28027557775422396,0.17075577884821777,0.18297765564271234,0.14629654309509374,0.12644755631807914,-0.002332756880670421,0.2835271177375354,0.15174005088821949,0.17075577884821777,0.2586191134942921,0.15010083626018436,0.2721680619311137
0.0699201828345194,0.015024638993976195,-0.007356666423925584,0.04281725756153929,-0.059575636364349385,0.08419242390343822,0.318381174823483,-0.01576018583261924,0.17290235603344228,0.216250442826348,0.18141731726936378,0.23242888350523938,0.23295832256128501,0.20974132344432075,-0.014632430042831867,-0.04864235318897025,0.1487559549204182,0.046748398153869136,0.24965368531521656,0.4264170705709205,0.22157249663294412,1.0,-0.0022193742580605795,0.3875722919793025,0.3272352544413951,0.3873023265983087,0.1834281621275902,0.15165464625304942,0.23202953793301076,0.34676587886804494,0.029368998930305985,0.28371441847340184,-0.037552500581808756,0.05825017269613918,0.2613927136533598,0.2571608667775039,0.05009687397121173,0.2452639651295727,0.05948048608589288,0.21997310968520392,0.4509420961797012,0.3663004361484421,0.33817775612691736,0.2553428099540737,0.2915929292875102,0.5029688620502246,0.28977924871783967,0.37842373410527824,0.05253187792879159,0.21826531006866914,-0.006432867396642317,0.07774199558148065,0.2940004756553466,0.4644866246983537,0.26565204752601784,0.09481340584482602,0.2738672331132278,0.29455590435592005,0.09734180934653923,0.07924342599390861,0.26769833097472473,0.03324985798717532,0.0240681778136152,0.24123554766015276,0.03077382556204924,0.01592628975593971,0.034235167582718884,0.23109104720838067,0.28646690450626355,0.2807988004830811,0.2293292457607498,0.24098220583536073,0.3167865557139388,0.20259676250653974,0.20228684383394432,0.189618142660717,0.16486052333406928,0.12760096482844224,0.31721022643933733,0.14980772252905272,0.20259676250653974,0.23447665420174651,0.27135584187181144,0.2964432561484585
0.0646117178724583,0.15227730432204187,-0.1580194301905913,-0.00602828799781856,0.18693934142989663,-0.09797708125344995,-0.2717681042926669,-0.13239476370183226,-0.3264649862122154,-0.13487590260763316,-0.22760194543335016,-0.26344906377329136,0.026848988654761246,0.19016608367392276,0.01694811455058329,-0.006153576143342327,0.1867458130892082,-0.008298299541313421,0.021011132545842914,0.15894812563753674,0.0967108412904938,-0.0022193742580605795,1.0,-0.14480193329893884,-0.20080330862676973,-0.1311283692291136,-0.1403132656912241,-0.318274828389084,-0.3769953111726257,-0.19833307665642905,-0.16547440277705106,-0.3517873113033067,-0.04509428149073001,0.3371533985940701,-0.36206814676359955,-0.3476035691081186,0.03206623116158079,-0.3499329153427913,-0.22848991094795784,-0.3297833046455393,-0.1348625305187796,-0.3601908438053952,-0.24679454097916806,0.1601019291292703,-0.2055163342915683,-0.2332136687216591,0.03251077819512104,-0.3282146801578141,-0.12633523630234236,-0.12153605843676003,-0.025962770138733725,-0.103525426769762,-0.27875379841476383,-0.251702632275001,-0.19824445103756275,0.33088092878314085,-0.1886697046929124,-0.23587903814179126,0.31164299907498466,0.3124849478808243,-0.20735898493310737,0.39704507843886294,0.0009536507506389335,0.19591567981542374,0.3785904624992555,0.3738078976180351,0.3922445487182484,0.18270020168793896,-0.23449310615152094,-0.2306475733358182,-0.1287145374330292,0.21775072955923774,-0.2518745790773848,-0.170032298658425,-0.14868437282094749,-0.10219406398431984,-0.1219678833897766,-0.24559331186780087,-0.26322067903800817,-0.17692365646123737,-0.170032298658425,-0.15765537674761204,-0.28377406975435426,-0.21126549006111897
