id2000096_A,id2000235_T,id2000405_A,id2000618_A,id2000835_T,id2001363_A,id2001565_T,id2001831_C,id2002110_C,id2002229_C,id2002589_A,id2002914_T,id2003393_C,id2003551_A,id2003751_G,id2004711_C,id2004970_C,id2006621_T,TBGI096706_C,TBGI096731_C,TBGI096750_G,TBGI096767_T,TBGI096811_A,TBGI096830_G,id2006795_G,id2007461_T,id2007526_A,id2007597_G,id2007797_A,id2008158_T,id2008480_C,id2008820_T,id2010102_G,id2010357_C,id2010564_G,id2010624_G,id2011065_T,id2012123_G,id2012408_A,id2012453_C,id2012558_A,TBGI116455_C,TBGI116508_C,TBGI116571_C,TBGI116665_C,TBGI116726_G,TBGI116813_C,TBGI116893_A,TBGI116973_T,TBGI117043_C,TBGI117267_T,TBGI117360_G,TBGI117415_G,id2013975_A,TBGI117483_C,TBGI117701_C,TBGI117774_G,TBGI117863_T,TBGI117941_C,TBGI118112_A,TBGI118194_T,TBGI118273_G,TBGI118359_C,TBGI118464_C,TBGI118515_G,TBGI118590_T,TBGI118861_T,TBGI119054_G,TBGI119190_T,TBGI119254_G,TBGI119698_G,TBGI119750_C,TBGI120045_C,TBGI120162_T,TBGI120421_C,TBGI120561_C,id2015233_T,id2015767_A,id2015934_G,id2016084_A,id2016156_T,id2016188_G,id2016413_T,id2016481_G,id2016584_T
1.0,0.14571471436702552,0.15788753038697392,-0.009398816833961258,0.2461012445693796,0.3663393027657782,0.24598805955942118,0.2642055986977888,0.1395679961362247,0.04860048208431337,-0.07823625556204596,0.16745659540416588,0.20540341924045355,0.1406914744799404,0.3056024727013384,0.28710741899718983,0.15210828855215214,-0.08625452649334578,0.046043459844672736,-0.18985854315909295,-0.009752713464486697,0.02658664537391814,0.018259065911603346,-0.2882401384050803,0.15453978767403811,-0.015158487055247482,0.22312334462399824,0.19635158265081132,0.14819449527118567,0.029719012428615712,0.12957957765995964,0.17151877671694557,-0.09878915923824559,0.011837708476635778,0.04520580155966237,-0.28940060549733715,-0.029408264456309216,0.24042010428789762,0.1188904822454703,0.05415507434762122,0.10276314090711136,0.2797298471841557,-0.23363543394667613,0.3242193840265014,0.07453322259824605,0.31595008756438003,0.034724476850379445,-0.17412995937883163,0.06476296228662658,0.3193143756847298,0.2854385221076848,0.2794189716945344,0.28480869826269445,0.17858681614230473,0.32451604289639113,-0.2933997840421608,0.23551382254148379,0.25226042420516775,0.2991059097678453,0.22510537053743634,0.3013647672190546,0.035986235522654314,0.003486527232736105,0.13269932788109118,-0.05016514818102119,0.17667661663275333,-0.2306402603556326,-0.03108663932844826,0.28218803608798776,-0.03330988921646658,0.24206635616954078,0.2669982750459684,0.2931897823825222,-0.033275284525414894,0.26177662592084977,0.11858032846734637,0.02301533869699343,-0.07968856213222282,0.22637999275428813,-0.1264684639751453,0.2611564203190564,0.21463617133637633,-0.10040809868324689,0.25515523428714504,0.12573696418480618
0.14571471436702552,1.0,0.1850773953687614,-0.21848874256541717,0.047799540741504255,0.2457778454766659,-0.1375490388714905,-0.06073780502100577,-0.15956070485857335,0.026448389781276664,-0.18457005644897195,0.0636957387141442,-0.05630976575901382,0.09511330292523806,0.26175603079487564,0.32835872592694065,0.03986909716300024,0.0037457176110748023,-0.10065660925843188,0.035501749708772005,-0.05495482284491517,-0.06502136233112225,-0.09030206281053578,-0.06838613257690884,0.01322008483615787,0.08737901838100202,0.02087347664141428,0.04564433565823799,0.2052657974591727,-0.14476030515962418,0.11622798700744574,0.29884040041391247,-0.05490714915927312,0.17427483423651652,-0.10350847113288836,0.1648540603606587,-0.027933512948772127,0.15143212969163342,0.10058960727815329,0.012781989442995419,0.07244643725463862,0.20676625160990153,-0.07906313632686277,0.23652806904755014,-0.19918152025110247,0.22891153269304346,-0.1964042094383002,-0.13532471615057962,-0.1583597162661601,0.25065826109744954,0.07243988793100993,0.04632287305713108,0.23766254315173932,0.10039563078477594,0.2585206637828068,-0.2506622903077222,0.2212612074633961,0.22625997113451932,0.2384324323731019,0.18377304375167589,0.23001830032552378,0.22388277581747495,0.009236500743993162,0.15218343814513385,0.05111811092766699,-0.020179657698856508,-0.08676330517838396,0.2267911323774436,0.13613379540512593,-0.13580328420121027,0.20800484863125607,0.22017931899481918,0.2022571024450363,0.0017698036772982979,0.2325595172860318,-0.07822981083517179,-0.08991083190284813,0.06828370493735819,0.08521264984392582,-0.12089544771053819,0.22990149452486947,0.13417482223687907,0.3186793919136226,0.11427548861534399,-0.03253086725789258
0.15788753038697392,0.1850773953687614,1.0,-0.03910164258216325,0.24561173118455856,0.443965963277447,-0.11722343666346854,0.10015639418053086,0.0768126272776439,-0.018915625011461865,-0.035771011726573716,0.361507668922856,0.0970445104051911,0.19138995188679236,0.43530432347176445,0.1332966931734172,0.1592997512000221,0.06781726432306869,0.019487875116262213,-0.21241212533086315,0.020196509261492038,0.06352176843400743,0.03392608825305551,-0.35512115323805515,0.1980980240608511,-0.01526175486733189,0.37157828325494763,0.3670922676782615,0.2919479335440768,0.09603255288723937,0.15018698776761666,0.30933318883078786,-0.055578155979246306,0.09172726720417058,0.05234189571499898,-0.1820496873603071,0.2842267487685854,0.2823341465962913,0.33307869177789484,0.254559359447255,0.21624215342514705,0.31885064853240097,-0.006032266767141658,0.38137250456967275,-0.23221835972746985,0.40866588514274843,-0.22069357792642866,-0.22101775531245527,-0.18018174267042988,0.4399334476206267,0.1989698741814976,0.1449414333354413,0.396562917153562,0.1960540096278755,0.41627256159980075,-0.35804334516414454,0.4248120825556185,0.45202929579176515,0.4372567773985684,0.3543579860223865,0.43197479880782447,0.24507546677597056,0.056421484173730885,0.2991322637796638,0.1738735350809443,0.15970265322951852,0.07978308466224254,0.16573343323844034,0.2897197777123857,-0.02786434103587505,0.42252969766394227,0.3902188526724528,0.36557729619433127,0.12690108890302415,0.3696421720155253,-0.03428911131629184,-0.1337817300923545,0.11429317490776385,0.2022124948020283,-0.08979466960699739,0.3760482564113404,0.28507362340773196,0.1431239757057823,0.38680989086565826,0.2099665096646845
-0.009398816833961258,-0.21848874256541717,-0.03910164258216325,1.0,0.11496713008517678,-0.11709993805592728,0.1547179219518723,-0.036549448432742895,0.2711775595444396,0.19289602852645985,0.17302277140929906,-0.11760364042610859,-0.10961112178230328,-0.13515902698042812,-0.21192526477545104,0.1547177063117663,-0.11063239911017825,-0.020529880107546035,-0.039633778699985064,0.011634319759011032,-0.008793221809065081,-0.00435073383508306,-0.02688345010730706,0.01941875114183851,-0.20309596227912766,-0.09971220235423713,-0.09625938333314062,-0.07476068731065359,-0.030398263292463007,-0.1377421218567061,-0.0862893720372874,-0.12925332751694676,0.09456282893723145,0.0425781234347649,-0.07701803648177927,0.007107496105646318,-0.1331569493370604,-0.16041467810300392,-0.07251862157857984,-0.12441727075299694,-0.2067309471697794,-0.2403627853227048,0.15415884207346067,-0.25129490363358414,-0.03502771600494553,-0.18438304303934827,-0.021554248188296817,0.16831303175187673,-0.04156967962589238,-0.20450588479541776,-0.1803636871292614,-0.20153832368595642,-0.23494955076117605,-0.1318263031426082,-0.18163380115811353,0.20719790822280704,-0.18221967931920593,-0.17770339476745858,-0.22167705575103855,-0.13372134796759705,-0.22999772495228057,-0.16531854344802327,0.05267154642557488,-0.11274358632316067,0.024410347818744585,0.01570134587580604,0.1946826792235197,-0.08814392626235408,-0.2992744653965148,-0.039734354623251214,-0.160688308258552,-0.21486402080735145,-0.23637847149150795,0.16911018484853646,-0.2435162155196176,0.23220344549406496,0.058211981124852215,0.15653341836840393,-0.2671820932585487,0.14925812523598186,-0.24893783954495816,-0.17681005886849002,-0.023052046991326874,-0.28039263866473785,-0.25068291912104756
0.2461012445693796,0.047799540741504255,0.24561173118455856,0.11496713008517678,1.0,0.4255343286766506,0.2103468935753909,0.21296645132289926,0.2278254875552659,0.24410220693372767,0.13843938337693076,0.22278385265664144,0.15254115599359006,0.12604141553630666,0.3691823855252403,0.1849855594613005,0.019017507723230867,-0.09397526035482288,-0.0237650282458961,-0.06407153914440653,0.004989469426813811,-0.013334427844272008,0.005796964595308548,-0.20371277938634133,0.1636476732929925,0.044021497101825735,0.24680818979322997,0.22604877276856905,0.29329915049835026,-0.15068205571980745,0.12510805278198756,0.2834888569047306,-0.2785825262084749,0.2052539251769056,-0.019146184426964946,-0.25032618356147956,0.0881995533530793,0.2036943835038963,0.14736413796971226,0.08637767771585413,0.050726212472411325,0.19704809411128776,-0.16291961251430814,0.3107180928248973,-0.03775829131497316,0.29583770124931225,-0.0003501788509838819,-0.11110829329339979,-0.013893595638209457,0.27796249723389305,0.2597770750266219,0.2524834418426648,0.32540760079615916,0.07000208131682133,0.2383049805899405,-0.26438942792281533,0.27631981340492,0.2932639658231504,0.34394479185571364,0.2870691831329355,0.3331621884125761,0.023319395858641637,-0.12436237474775956,0.06111396290622685,-0.019469029835243963,0.27529040972188557,0.07749480401018892,0.07779505779786744,0.2879700936461647,-0.050789454600586696,0.23572012092297817,0.2386789865756708,0.25292523193164573,-0.01831663442867843,0.25527872348648617,0.0400247967453873,-0.0674534916944446,-0.24653261028870285,0.18719653144133463,-0.23233770477416196,0.2540571449331328,0.151268990140652,-0.2534427619724288,0.29813265167891023,0.12979786249278702
0.3663393027657782,0.2457778454766659,0.443965963277447,-0.11709993805592728,0.4255343286766506,1.0,0.1715279951042778,0.2398935124898333,0.17019645009623594,-0.12585291761449707,-0.09690477407785304,0.48968049107261385,0.256567444383508,0.40283538945649044,0.7763205601151911,0.20516364225450534,0.3597611526040809,0.032075540997638034,0.10142859557480022,-0.10777253445086489,0.11296290788634522,0.13501419444970314,0.11087037892698183,-0.26554238847362277,0.38380691760386915,0.21147711724157264,0.3830902873468706,0.3750123968142746,0.39602317038589174,0.06913608910984453,0.32277473419797054,0.6045830047112091,-0.31745352359998436,0.18475246010800656,0.12499703398029492,-0.2764266572145664,0.3408653825082888,0.49029645322046367,0.44123168288489817,0.4469440054353136,0.2031988374463747,0.6206689459813821,-0.2476769878652677,0.7101380313179337,-0.13931622183949097,0.7154511191653816,-0.10210189131126629,-0.35612498844099677,-0.041944203104135595,0.7395690356759866,0.5296834108585362,0.46729605640526484,0.6861224189905094,0.3213001181455705,0.6713346958535044,-0.6610568450805129,0.740720803573347,0.7442809869435871,0.7683954033012921,0.6883219027096529,0.7695496992276764,0.31276180016573957,-0.0759858783409469,0.39089243772004634,0.017299591336441624,0.5095507374472897,-0.04398056623199268,0.29965681613807404,0.6245299843672234,-0.16994064112068702,0.7113445249665518,0.6761576949134509,0.6849243694392732,0.04063732120469257,0.6666909771753885,-0.040130000498708046,-0.19807809384617123,-0.053338839223861796,0.4771334282711706,-0.2574848455952371,0.7020033088983954,0.5383771438030648,0.04887255883525993,0.5857964531841121,0.32739077158613106
0.24598805955942118,-0.1375490388714905,-0.11722343666346854,0.1547179219518723,0.2103468935753909,0.1715279951042778,1.0,0.1338892581565595,0.39269965842641924,-0.035510872314110715,0.27064327050432924,0.10195678974223246,0.17710378728677134,-0.059482349590518714,0.1951301747753152,-0.0018549342899950672,0.2041253329353572,-0.2048384047502003,-0.14751412731966673,0.12886890005443183,-0.16856588149373158,-0.1529756919283975,-0.15145855503213643,-0.019258415035383225,0.04009927400251058,0.18021458511514973,0.06989863199216058,0.06734559397381075,0.09683551541778455,-0.05987952615139743,0.17028858925170667,0.19044245445014488,-0.1365111233656928,0.15864267198216842,0.012526189409469639,-0.1693295546366393,0.018434124226608735,0.03377947952880576,0.012961778603385505,0.010902475926039969,-0.1502277419547767,0.08760941715666028,-0.19309994480160236,0.1312845798330565,0.2152354485401766,0.1252160865009775,0.1950849828448249,0.051995324891870955,0.20309524515024377,0.10431515232618956,0.22529649998177018,0.22742669895252662,0.10252228168467092,-0.10573793772104607,0.07604717800287565,-0.07536546685116353,0.1420329775280529,0.12702412412531408,0.1454421841984849,0.163168352690276,0.14853682305998372,-0.15107478741951974,-0.1954672012484643,-0.10960351748763025,-0.054301239683736006,0.08470969044668906,0.06989367612397454,0.01993294424863134,0.13487717599256094,-0.203740839623373,0.06444982647744148,0.06663756303868593,0.08704815868337495,-0.04709649488648186,0.05784583457935636,0.055823545624309474,0.021677646683513643,-0.16624793326910706,0.03259425890553459,-0.094852066965019,0.06554669847039539,-0.01568381156366159,-0.2534176991545516,0.08433870242267089,0.03486424339877244
0.2642055986977888,-0.06073780502100577,0.10015639418053086,-0.036549448432742895,0.21296645132289926,0.2398935124898333,0.1338892581565595,1.0,0.17671895939271692,0.07989997335692785,-0.015568687992439784,0.2486105920412595,0.3426040128377037,0.09467536722578206,0.17017389917261613,-0.13178156022640364,0.053725345908822414,-0.16751864532861835,0.046177990196406456,-0.10167422198835414,0.07133308770092658,-0.008309054022887565,-0.051240589200910486,-0.014570477213794031,0.06877159143897724,-0.04432722021544833,0.07256680127783041,0.05129850562627684,-0.02932283475048758,0.02354636904310344,-0.06124304424802463,0.0250529438925733,-0.14183771243854396,-0.008804466273992747,0.1733517523354736,-0.06519246505309671,0.1680049433576689,0.11363053709031627,0.0579354614337759,0.06263856939350584,0.08492732269529557,0.18209291300653568,-0.1661424542305494,0.19523532431892332,0.19078448609153065,0.2504035854500633,0.24308648114876485,0.1328392840520937,0.19710089904947087,0.21576204372131505,0.3318271391526411,0.26839241582571743,0.22603764158041562,0.18035151350182121,0.18624707363348023,-0.14238437563585632,0.1960509884591052,0.20808542207222058,0.17974693188885013,0.23487230685499602,0.17320350003893312,-0.014658430790756282,-0.18667493062373297,-0.043540359958147534,0.0037775859848392435,0.08057045645205366,0.12654550138118478,-0.031053754504388274,0.15397399760562963,-0.10396756080414009,0.1750397417580495,0.23148005939788602,0.2259386893488109,0.04873751177676677,0.11838935651013911,0.022749777383121183,0.07660634510739661,-0.11318984919897822,0.06411067798359375,-0.17544311648270594,0.156038197587209,0.18096970162450546,-0.07343701163608106,0.1114052243853042,0.09651114600072593
0.1395679961362247,-0.15956070485857335,0.0768126272776439,0.2711775595444396,0.2278254875552659,0.17019645009623594,0.39269965842641924,0.17671895939271692,1.0,-0.09175653918001958,0.18164664526805616,0.16223869700564125,0.11896069528240565,-0.08517517388096328,0.1611220187174685,0.09948714248714616,0.040766726513847884,-0.1683103016428205,-0.047422811535028773,0.145130094849625,-0.05070188497601453,-0.05214468753089498,-0.04831683357290671,-0.06023431146305571,0.13513958363538975,0.06272861292780721,0.1933076715127781,0.1513230874749992,0.07284161131784579,-0.04652440708669586,0.12160462241224947,0.24147618105145144,-0.14038051910270546,0.07518775572410621,0.013974519304692914,-0.008401191674385567,-0.10867012436348669,0.006123805148118197,-0.012503997188236396,0.08418730008001296,-0.02549801154679677,0.03374629324290281,-0.03563767728587648,0.1097554335487299,0.23582225152847208,0.116595654879748,0.251482527926834,0.0843121216473811,0.23795828704570926,0.11595868930892043,0.25783728343361,0.212640371831091,0.09273555737351678,-0.1812084921320309,0.11343836409704731,-0.06717645791888545,0.1158934220274064,0.1348344286656556,0.1100931206820629,0.12827332688449194,0.1100166905532024,0.017200789990954864,-0.12757078442488265,-0.02550112002472532,0.009147153866350413,0.06916585534323891,0.1379432653043395,0.07115279985295869,0.0885161000443898,-0.1655715506005491,0.1213410085020653,0.061016774621761236,0.04627381188013947,0.11739785630041064,0.0730425988648137,-0.014492130052042645,-0.09078187631866581,-0.12405402327311064,0.01794240042247735,-0.10537725382821596,0.06788836513133069,0.000501203958334938,-0.12316667132784705,0.1368493155628385,0.009696513848970299
0.04860048208431337,0.026448389781276664,-0.018915625011461865,0.19289602852645985,0.24410220693372767,-0.12585291761449707,-0.035510872314110715,0.07989997335692785,-0.09175653918001958,1.0,0.026333083534811865,-0.13507302839557228,0.13163235721944277,-0.0838194051955552,-0.10589967373272528,0.09944090180782732,-0.16956563035228345,-0.1592029413364038,-0.01810061080045193,0.13946425238494983,-0.03266910033653792,-0.09907545147555448,-0.09276786765023788,0.03237032122431539,-0.018944001139433744,0.07613958232810643,-0.034314300456398925,-0.015596805632194297,0.05804826167188356,-0.1474647034312714,-0.0641814499844476,-0.05760156033762756,-0.08714090716276929,0.18410882261044492,-0.1538454288280373,-0.16320702133657833,-0.12471557722046413,-0.0875405576249063,-0.16398622731663315,-0.1583440128546997,-0.08928435580828853,-0.08101714703948167,0.0031337552150678344,-0.14211686801810042,0.018561444326940638,-0.12386735885610796,0.009920530107126646,0.11736585241881387,0.0353099446880233,-0.12778063118956168,-0.09847092118083028,-0.056214093641208676,-0.1173828430056035,-0.08980169744757865,-0.0960126409492936,0.09829926299559755,-0.12478940123003061,-0.11830943039549775,-0.13244570455045931,-0.16361032689277766,-0.12867720414141248,-0.13064238694077954,-0.10619900841812135,-0.23201580369539418,-0.004659052067126323,-0.07045642424486885,-0.013493146103932246,-0.06801922480795886,-0.06760020200172,-0.023510936416043255,-0.10644598913026207,-0.15331034758294373,-0.1322661646541822,0.039982268315870303,-0.11024233952637595,-0.13906783073045478,0.15250971688962986,-0.1732418959109153,-0.007389632946935201,-0.10123827050665056,-0.1192032404468559,-0.10075577131643432,-0.05480891491106596,-0.09353130844447546,-0.18488938110428652
-0.07823625556204596,-0.18457005644897195,-0.035771011726573716,0.17302277140929906,0.13843938337693076,-0.09690477407785304,0.27064327050432924,-0.015568687992439784,0.18164664526805616,0.026333083534811865,1.0,-0.08459726082810945,-0.14272343003606414,-0.04936842737533048,-0.14577915913063028,-0.027110622087853555,0.16013774517606238,-0.07796015451409911,0.0030114209136137588,0.25831448931330403,0.04350215356392748,0.031043718113268507,0.002876253260721955,0.09607092801432181,-0.1563298426508569,0.1383415849906474,0.027566752186717527,0.0211154950694643,0.07800085381999462,0.16579516157258276,-0.07123096809524031,-0.07116021472046775,-0.09707168090614593,0.21821522635148147,-0.07986862407645111,0.17569872534605083,0.08053111023998692,-0.09851510191820616,0.08601453450016845,-0.012022014472886556,-0.02633417566870066,-0.15281367624262573,0.0064457564825690095,-0.18705347531867672,0.11107637008572128,-0.10076050066385787,0.09416103926151795,0.11963711247439161,0.09503099607630656,-0.14018281942167157,-0.05350157874595818,-0.13256355060858888,-0.10561074316806714,-0.10272828216416181,-0.15617917129844933,0.12243945012127176,-0.05971896293225505,-0.058862436802050264,-0.1888497567353396,-0.12024767423522295,-0.18752436699609498,-0.2629991185883759,-0.01712592187534838,-0.1488732875355059,0.08959540662473507,-0.05629808146267684,0.2589247159444236,0.03554694674241804,-0.21099988639088804,0.01695310054656834,-0.09368930709649011,-0.09313185862475039,-0.17222159175477622,0.22720809732223426,-0.16905622737877687,0.058321444897920745,-0.06945773242885984,-0.0166391659343782,-0.15357848972925098,-0.06899677925516551,-0.18531134322398807,-0.0972640326560294,-0.232667333622669,-0.10987888542271067,-0.04447601538721883
0.16745659540416588,0.0636957387141442,0.361507668922856,-0.11760364042610859,0.22278385265664144,0.48968049107261385,0.10195678974223246,0.2486105920412595,0.16223869700564125,-0.13507302839557228,-0.08459726082810945,1.0,0.21806344989314563,0.4049845600524102,0.5973729456354753,-0.06261976743039983,0.38982631091771475,-0.04548628144539298,0.02067181087429528,-0.10455479267767012,0.03785498829481553,0.033688396787513356,0.002962370704241927,-0.21642340013734565,0.276830484572319,0.17182079491403493,0.3010128246821179,0.26650079677644356,0.24540928629678457,0.22307558354738677,0.22729093169827938,0.36814455745829106,-0.23790428106376676,0.07070298506772935,0.15180073918226017,-0.23270487636181486,0.4055869942126993,0.3747996478567912,0.38023191669169193,0.2796929301153526,0.2047031716258729,0.3727328619356698,-0.16253045005429664,0.49805514514573584,-0.11924319773273138,0.5355218093163874,-0.07542586308883227,-0.20588784983686095,-0.02043859090638947,0.5522604893335115,0.38557606110880754,0.30913781302139126,0.4749114380898704,0.18922922981670856,0.443824811167266,-0.42581241739673914,0.5237232270035191,0.5080171666573617,0.5580148248530845,0.4858577610319981,0.553358080001472,0.20745378746405815,-0.15728298926725973,0.19792235978342407,0.03803703232662446,0.2589117816905208,-0.02666681099624002,0.13877427793530028,0.40624363343046016,-0.094173650186489,0.49085497173467263,0.5040061557449962,0.5119908756926781,-0.05192656269838549,0.5297103206251097,-0.08530507094795163,-0.1618001350925281,-0.18768091209938859,0.28681214925821974,-0.08107160768179095,0.5277854086900383,0.4050234433612957,0.02079079152068841,0.3852891752681572,0.45330784165222826
0.20540341924045355,-0.05630976575901382,0.0970445104051911,-0.10961112178230328,0.15254115599359006,0.256567444383508,0.17710378728677134,0.3426040128377037,0.11896069528240565,0.13163235721944277,-0.14272343003606414,0.21806344989314563,1.0,0.2581098465529065,0.35423039383767374,-0.04725259382960011,0.09038466229525428,-0.2779699460387795,0.028579029826086184,-0.1769259920173186,0.022376931476090493,-0.0020718479805552385,0.019794191519682095,-0.15038327364020718,0.34909059493554223,-0.08217810718706539,0.22564799016032147,0.23988505784061415,0.10394352191302228,0.054543005471171226,0.12969850624826962,0.16501481956415895,-0.16540196764458054,-0.03489941462722461,0.14845477309923297,-0.34756171242545303,0.3011135747326876,0.2389933253798617,0.310289379350318,0.3199485813547317,0.2483802053052068,0.28704782845526805,-0.3611093539611126,0.3449494427187536,0.09368261856998644,0.3527741405080168,0.10458846036910864,-0.12584086755641463,0.11338065897476005,0.32277046982561747,0.3340276615590211,0.3372020259174003,0.3061459251927232,0.1622081811886674,0.3781783719325392,-0.33402067389072504,0.3641729640201751,0.38244313610221586,0.37728165888046933,0.3728722914765606,0.3851671111597543,-0.03672997247973357,-0.14963662990784554,0.14637939803278316,-0.05773170312357456,0.3120430416195627,-0.01910030266583057,-0.08276366212085114,0.34856443085720823,-0.06310580015301635,0.35636046672665866,0.2982608813141247,0.30698437907080156,0.06272630667790982,0.3050367398976374,0.08320035717899764,-0.11646091115022003,-0.26244164123422153,0.2713896073719874,-0.1524987249734046,0.3086129807263837,0.23787849994375032,-0.12607321844661312,0.28793919445200666,0.14507204412562769
0.1406914744799404,0.09511330292523806,0.19138995188679236,-0.13515902698042812,0.12604141553630666,0.40283538945649044,-0.059482349590518714,0.09467536722578206,-0.08517517388096328,-0.0838194051955552,-0.04936842737533048,0.4049845600524102,0.2581098465529065,1.0,0.5435470095564481,-0.0365346433110739,0.5208104365627098,-0.08100855766214188,-0.046905134704401975,-0.08072620408263702,-0.04336044145566281,-0.07913324969399081,-0.0647185521655871,-0.24004807671021722,0.44799850506186956,0.20333717103174076,0.2459120346175278,0.19854198666282832,0.25385357722534185,0.2865482326855191,0.035066774064261015,0.203707292126245,-0.2577506109590242,0.23946761508031775,0.10521962110504401,-0.18234518888431528,0.3572142896322849,0.6037561145940538,0.39377655536139516,0.14055094312067604,0.13400093440585592,0.33770863646641497,-0.2215729971325662,0.3732818468573172,-0.028007438569624912,0.38423686760638714,-0.015049165826807945,-0.1526907141450216,-0.008401987207865932,0.38415817832286264,0.2662761089868347,0.2574615217041459,0.35083852750597966,0.23723955684862102,0.3281693532382944,-0.39890230008601546,0.43256059653443624,0.42375150250577603,0.40972580461974406,0.37505756650115396,0.4058759610696238,0.2144711716383066,0.035525114231031135,0.2940480787571342,0.01940303294688553,0.20284244784590344,0.0018552271744873782,0.12000807505886821,0.37284223427403645,-0.08677590940941064,0.4324535651630989,0.49873211265746537,0.4902312457314416,0.04731403877347027,0.44498076762753247,-0.07122341166960487,-0.15177709120929486,-0.16942719867995176,0.38119428591908777,-0.2052656567368699,0.4704212422113246,0.5233013582796268,0.0180560266069107,0.3276463834275637,0.2407084351107048
0.3056024727013384,0.26175603079487564,0.43530432347176445,-0.21192526477545104,0.3691823855252403,0.7763205601151911,0.1951301747753152,0.17017389917261613,0.1611220187174685,-0.10589967373272528,-0.14577915913063028,0.5973729456354753,0.35423039383767374,0.5435470095564481,1.0,0.1786839554313965,0.46318811910215213,-0.08360066839136336,-0.0709952814238945,-0.1435941873552421,-0.08898735561387716,-0.10581077631034813,-0.0926357152442976,-0.34372849406551587,0.5448238597159124,0.23479991695339622,0.5085872385697694,0.4893267287622315,0.48321897118362533,0.0774805628782185,0.36945018578214595,0.6288369505247398,-0.2940205391348967,0.24713123427701297,0.11411021413836198,-0.28594220457147457,0.36082725724658354,0.6561525035643572,0.4430337765446323,0.3697831733295914,0.15626161834993543,0.6991027316982885,-0.3076396484232044,0.8121080817641756,-0.12678165591703414,0.7777447794297097,-0.11128936287002296,-0.4266038716083144,-0.04569713731677474,0.8036067564799075,0.5608544264524106,0.5487416825806513,0.7386540006583806,0.24529341426718543,0.7166162588716916,-0.7572522481030747,0.7863220153588037,0.7728343513594624,0.8527584535308222,0.7381387533696626,0.855591878331922,0.4233638663574064,-0.13198940500191686,0.40892487332346095,-0.04208508025514717,0.44078164241547757,-0.11801948342718188,0.3293065109930555,0.7364463474185527,-0.24839861183273312,0.7464333432151579,0.699566448876223,0.7257499662091126,-0.06708652134095881,0.7433571526663206,-0.10990868704897805,-0.22849945158125662,-0.11300126716562972,0.5098655160821226,-0.2681907642900389,0.7439983813472614,0.5155101943170074,0.08862338170941828,0.6663737093556366,0.39265373450994484
0.28710741899718983,0.32835872592694065,0.1332966931734172,0.1547177063117663,0.1849855594613005,0.20516364225450534,-0.0018549342899950672,-0.13178156022640364,0.09948714248714616,0.09944090180782732,-0.027110622087853555,-0.06261976743039983,-0.04725259382960011,-0.0365346433110739,0.1786839554313965,1.0,-0.012667224046011175,-0.318618706459493,-0.13627539601142075,0.119403669768326,-0.17821320773977475,-0.14149787999177682,-0.1473330442773225,-0.3857729115809588,0.04707551822650245,0.16084583197353078,0.03774638853727725,0.004899598438416046,0.25159214608457386,-0.24179947789688613,0.1293919155058241,0.3244909923597994,0.005226034702900957,0.19944906218809486,-0.062287888108413965,-0.0586642175314668,-0.13119992023717286,0.07673400102030443,0.1575651071274195,0.14331490515996265,0.09891092800085739,0.10241210051092757,-0.08620699543652266,0.08748093369255702,-0.06414505480314436,0.11091866903899815,-0.08961298287056989,-0.07023811794784951,-0.07209162338338475,0.10708174588918469,0.030652325872253656,0.037489227525591265,0.0876741196562294,-0.13825948978291844,0.1900126487275566,-0.1583662608033822,0.1568491517662734,0.17554705404026588,0.14126884168355122,0.08837470709047639,0.1464879037254892,0.0946484733430442,0.2156225176315144,0.20089117000238915,-0.04936960090837141,0.19755095770314648,-0.17139072483284284,-0.037725709312408734,0.12003609298628197,0.09181743230251851,0.2057008354115974,0.13213798338909405,0.10020852721934209,0.1510783086161277,0.1300307924724312,0.09641758020164143,0.0730439564394937,0.07121385992829093,0.053590717528798626,-0.29381789030309224,0.11118207680388906,0.027714035894254002,0.01796830261167953,0.08469501567449597,-0.14831137359395005
0.15210828855215214,0.03986909716300024,0.1592997512000221,-0.11063239911017825,0.019017507723230867,0.3597611526040809,0.2041253329353572,0.053725345908822414,0.040766726513847884,-0.16956563035228345,0.16013774517606238,0.38982631091771475,0.09038466229525428,0.5208104365627098,0.46318811910215213,-0.012667224046011175,1.0,-0.16621634837655055,-0.11176044448987,0.02452280429687057,-0.11275993715392495,-0.12231701484537472,-0.12709630078470405,-0.22651673162764854,0.2532839814610562,0.3521328238554344,0.247000111824504,0.22868215216979798,0.18046963057631712,0.2739780651406137,0.191163559707035,0.2049978623217294,-0.15782590456157133,0.25719051497985707,0.08326461283056828,-0.010731809444730216,0.28501012174912377,0.4668858671059726,0.3888326628675522,0.16414472914344222,0.03178753699578398,0.3427231666486577,-0.144725971942961,0.37476493269215777,-0.06483496639494873,0.37727981379712117,-0.07186476848677659,-0.19246903551231984,-0.028103880014898493,0.3839474436310661,0.2597859138829982,0.21092127406785718,0.3373457045722977,0.2505021079025825,0.33380112435953935,-0.3477712896310155,0.4057505758800562,0.36868273255396433,0.40014146263009887,0.4398769992669441,0.40425036686854476,0.13486079619887673,-0.147039522312505,0.1544414346476222,-0.016859248504685113,0.15327324306149614,-0.1042332436162438,0.23047277927131196,0.3150319180907711,-0.17208506176931118,0.3415343455028338,0.3694756999716939,0.40120813342255407,-0.03362810100518108,0.3835520266851509,-0.07261198032138594,-0.12209565970627766,-0.1985975029864878,0.31850180037017123,-0.1053638010281008,0.38628197322789865,0.4440981726778884,-0.0824199645170184,0.2644902886591917,0.3576802765482511
-0.08625452649334578,0.0037457176110748023,0.06781726432306869,-0.020529880107546035,-0.09397526035482288,0.032075540997638034,-0.2048384047502003,-0.16751864532861835,-0.1683103016428205,-0.1592029413364038,-0.07796015451409911,-0.04548628144539298,-0.2779699460387795,-0.08100855766214188,-0.08360066839136336,-0.318618706459493,-0.16621634837655055,1.0,0.4011564705017402,-0.2593886685405953,0.39394742183114145,0.4186055455055998,0.4169327371490697,0.15857721831992025,-0.20569268917331804,-0.23560296948726087,-0.029588287872982812,0.01776437889028988,-0.07575911130451318,0.11538981447445366,-0.04102696346054044,-0.03584186322985754,0.02852529262452246,-0.21639677487073747,0.047135291994929586,0.04812133568466881,0.01957590295771634,-0.10337006711070354,0.022696295305483262,0.10218894109714777,0.10579306149869462,0.006712657135583376,0.17272077983885029,0.02172029519295304,-0.17384680698641639,0.010240036712242521,-0.1285264929444234,-0.020915691838820194,-0.12704965824267178,0.0310343369761772,-0.034523866563328454,-0.06989691531619951,0.03913364103450962,0.1470476775376235,-0.020985194556401403,0.04268056276524089,-0.030698126885386093,-0.02324849556306187,-0.020076619687566615,-0.07304463493738855,-0.022704708228320183,0.07334931258555648,0.1832459996575407,0.16831245904640432,0.14383076727589236,-0.09127660957571933,0.09343006313428752,0.08621822189155327,-0.11630757214932493,-0.018512918814196425,-0.07311775062949662,-0.03155375074429122,-0.02293136309886519,-0.017072768487854877,-0.059156074067606756,0.10680885726493967,-0.10203516444708893,0.22517709008059303,-0.0807059164548615,0.2851472806588213,-0.04748175895087783,0.016503776689228932,0.27490109944399993,-0.06826681437489973,0.11047849343251097
0.046043459844672736,-0.10065660925843188,0.019487875116262213,-0.039633778699985064,-0.0237650282458961,0.10142859557480022,-0.14751412731966673,0.046177990196406456,-0.047422811535028773,-0.01810061080045193,0.0030114209136137588,0.02067181087429528,0.028579029826086184,-0.046905134704401975,-0.0709952814238945,-0.13627539601142075,-0.11176044448987,0.4011564705017402,1.0,-0.09671233160213472,0.8753532937502487,0.8878975077494515,0.9107721598911483,0.0016066531207022173,-0.08102718229087821,-0.142797238541958,-0.103276495245675,-0.04710966740948859,-0.09213934865515772,0.4655410377639689,-0.0359210437694532,-0.033427734055202406,-0.3089023814399904,-0.0869937296597164,0.12448282414511924,-0.21569422034207444,0.2325677839350472,-0.037987680293765105,0.22158824772200628,0.3033821149590482,0.3383976988477663,0.14203364819843453,-0.07419913552164491,0.14294837215574627,0.008169502115169477,0.17319688009127665,0.015598308245801317,-0.0691658771395032,-0.002593151837847047,0.14943908633228142,0.10362526089937821,0.09333642981892129,0.146187691248008,0.26099797265537245,0.14656947921156221,-0.07301504205078403,0.009161637049781336,0.01310194412160285,0.013933788265954036,-0.06081336649309569,0.01771132015185582,-0.04955254059389647,0.11995736083374794,0.15187976244208756,0.30429397646098266,-0.002289942785972279,0.008454491244935115,-0.03465429094250499,0.019207119635502336,0.1373525393858498,0.022338068607592767,0.03808488410038809,0.0521024827254161,0.059918986997261364,0.05442944170173736,0.1213129267898119,-0.10976894453059766,-0.07732993887567029,0.07869419183254005,-0.006368073322634334,0.0489142127816197,0.1035103929236027,-0.09146958712857796,0.07573362310505588,0.05804175705714315
-0.18985854315909295,0.035501749708772005,-0.21241212533086315,0.011634319759011032,-0.06407153914440653,-0.10777253445086489,0.12886890005443183,-0.10167422198835414,0.145130094849625,0.13946425238494983,0.25831448931330403,-0.10455479267767012,-0.1769259920173186,-0.08072620408263702,-0.1435941873552421,0.119403669768326,0.02452280429687057,-0.2593886685405953,-0.09671233160213472,1.0,-0.03273467193202592,-0.13868259304281363,-0.13335524972569654,0.446291539671015,-0.07391843039255104,0.6779742654648067,-0.25777761246586367,-0.2317025386081677,0.1817421243528395,0.036406667146474905,-0.06331078162097645,0.02506034754220902,-0.2176855800031418,0.3186886131407513,-0.17760746191239157,0.23525830655066673,-0.12138929404982861,-0.13353767485553372,-0.08774782539436825,-0.05151927892086569,-0.08660478822434754,-0.05360617336130008,-0.18429901737046225,-0.12911828080711413,0.147730132089095,-0.14243890951096927,0.14226334457030476,0.05619700026105598,0.13257782820849348,-0.16761752733681207,-0.019619305389064055,0.0033917219054160445,-0.13650578550255832,-0.10130966847617791,-0.10972936797672586,0.11086667219540962,-0.06740357855318645,-0.09365316378114849,-0.15777418660176915,-0.16267759343408447,-0.1338506180694505,-0.1358218205202916,-0.19366461597585571,-0.25298120542896835,0.004695521853512988,-0.09262997679290491,0.05925399286548245,0.1483395999053472,-0.00359080611072657,-0.15403093534960627,-0.028719376404934306,-0.057806254133464206,-0.07333683801071365,0.08515416696443454,-0.042513735487082475,-0.16633966931838817,-0.17916245177086298,-0.28969954935619474,0.0416524504960962,-0.27426277702474255,-0.06210040138461236,-0.019528257151317,-0.2585366931691872,-0.016691619056228707,-0.11898827242668583
-0.009752713464486697,-0.05495482284491517,0.020196509261492038,-0.008793221809065081,0.004989469426813811,0.11296290788634522,-0.16856588149373158,0.07133308770092658,-0.05070188497601453,-0.03266910033653792,0.04350215356392748,0.03785498829481553,0.022376931476090493,-0.04336044145566281,-0.08898735561387716,-0.17821320773977475,-0.11275993715392495,0.39394742183114145,0.8753532937502487,-0.03273467193202592,1.0,0.89476623167101,0.8594110133246402,0.06050652015963465,-0.11865203405411702,-0.11784119058338084,-0.1388776714299272,-0.10216476809696326,-0.10513264796003459,0.43266373908902994,-0.047070894700208185,-0.013266357491758866,-0.29364442954999936,-0.1068252070861523,0.1291657918528325,-0.1197539011312553,0.2626087378407825,-0.04454435354938252,0.22307660834035906,0.320314868254342,0.3283751967324178,0.08515136497761558,-0.1270272721596524,0.12925376097846825,-0.019032974953839387,0.16570387823961835,0.030593586540828294,-0.022140752373971,-0.007260707583743007,0.12874403391089892,0.10676174504626047,0.0635852439706927,0.15067757695459255,0.2864594509464957,0.11640616230451001,-0.05633857766892873,0.03660010379050433,0.028151113977121934,0.006251539449260823,-0.02454832561677238,0.0014719312428055449,-0.0786800360955082,0.11519019837563434,0.1533818095989617,0.3086208977952433,-0.007138117767211852,0.11452657116776262,0.0002568742394636653,-0.02597965848559522,0.11670558245620856,0.026010691929765215,0.0534345844464073,0.035426997789513144,0.107001171174954,0.02567182319140818,0.08914339440052693,-0.18773975654162697,-0.12999076398600345,0.041650246298308456,-0.03442820143515863,0.036613726044522656,0.10433530594344059,-0.12349237170515903,0.0420209400552014,0.06672846916050346
0.02658664537391814,-0.06502136233112225,0.06352176843400743,-0.00435073383508306,-0.013334427844272008,0.13501419444970314,-0.1529756919283975,-0.008309054022887565,-0.05214468753089498,-0.09907545147555448,0.031043718113268507,0.033688396787513356,-0.0020718479805552385,-0.07913324969399081,-0.10581077631034813,-0.14149787999177682,-0.12231701484537472,0.4186055455055998,0.8878975077494515,-0.13868259304281363,0.89476623167101,1.0,0.9377360316187577,-0.01966235039133594,-0.1396311013196495,-0.17765668716117633,-0.14734124264181525,-0.0975533661191641,-0.1100560668245353,0.4593176434455925,-0.03837468325673994,-0.02936098757432691,-0.2535921439452502,-0.1355784402475929,0.13354853560153376,-0.15891382906117713,0.2747858513833508,-0.08827259201432662,0.2339108401517044,0.35995120625418925,0.35110073767921673,0.061420120186572925,-0.05722510121716457,0.11309792114040987,-0.04409813582500099,0.12306892860531499,-0.033049253514165426,-0.047625753171813744,-0.033090937647233594,0.13622800294888845,0.07016025946171268,0.03813349348624908,0.12068259928426969,0.294945219279353,0.12141125929040276,-0.07131721065944824,0.037935144424480316,0.03098054081064394,0.026296868772527043,0.0074353777120431935,0.02236015820271341,-0.029487672333855547,0.1462576574482046,0.21805599341132173,0.29875008064226477,0.03677256003309396,0.08008707229288964,-0.028453638192753174,-0.037811437174474646,0.13639621231873242,0.011654278933078768,0.026198853387309384,0.028527083961477073,0.09873888088083242,0.020586804673052524,0.1539508498074226,-0.12678541768471627,-0.05743872021004518,0.01110319129553924,0.025180639615283922,0.029492537113173293,0.09459089872143903,-0.09705638375953557,0.03159911662006894,0.08055763050371932
