id6000134_G,id6000202_C,TBGI268447_G,TBGI268529_A,TBGI268532_T,TBGI268535_A,TBGI268550_T,TBGI268559_G,TBGI268568_A,TBGI268574_T,TBGI268577_T,TBGI268585_G,TBGI268589_G,TBGI268593_A,TBGI268597_T,TBGI268598_A,TBGI268599_A,TBGI268600_C,TBGI268602_T,TBGI268605_T,TBGI268607_A,TBGI268610_A,TBGI268611_A,TBGI268612_T,TBGI268626_T,TBGI268628_G,TBGI268633_A,TBGI268636_A,TBGI268637_C,TBGI268638_A,TBGI268640_G,TBGI268643_A,TBGI268644_C,TBGI268646_G,TBGI268648_A,TBGI268650_T,TBGI268668_T,TBGI268769_A,TBGI268893_G,id6000743_G,TBGI269006_T,TBGI269106_C,TBGI269199_T,TBGI269236_G,TBGI269247_T,TBGI269280_G,id6000859_T,id6000911_G,TBGI269497_A,id6001011_A,TBGI269842_T,TBGI269959_T,TBGI270080_C,id6001206_T,TBGI270184_G,id6001376_T,TBGI270756_A,id6001535_C,TBGI270836_T,TBGI271136_A,TBGI271238_A,TBGI271334_C,TBGI271736_T,id6002291_C,TBGI272457_A,TBGI272458_C,TBGI272460_G,TBGI272466_G,TBGI272470_C,TBGI272477_T,TBGI272478_G,TBGI272479_T,TBGI272483_A,TBGI272488_T,TBGI272492_G,TBGI272493_A,TBGI272494_A,TBGI272498_A,TBGI272509_C,TBGI272511_G,TBGI272512_A,TBGI272517_G,TBGI272531_C,TBGI272541_G,TBGI272551_C,TBGI272554_G,TBGI272561_A,TBGI272563_C,TBGI272574_C,TBGI272576_A,TBGI272581_T,TBGI272585_G,TBGI272601_G,TBGI272615_T,TBGI272620_C,TBGI272626_C,TBGI272662_C,TBGI272667_A,TBGI272671_G,id6002687_T,id6002884_G,id6003299_C,id6003341_T,id6003373_G,id6003403_G,id6003498_T,id6003580_A,id6003829_A,id6004029_C,id6004428_A,id6004946_C,id6006147_T,id6006336_G,id6006627_T,id6006754_T,id6007386_G,id6007891_C,id6008344_T,id6009055_T,id6010102_T,id6010447_C,id6010489_G,id6011413_T,id6011613_T,id6011849_C,id6012236_A,id6012425_A,id6012487_A,id6012658_T,id6013064_T,id6013154_A,id6013434_C,id6013720_T,id6014191_T,id6014475_G,id6015421_G,TBGI310576_A,TBGI310677_A,id6016093_A,TBGI310793_A,TBGI311209_C,TBGI311301_A,TBGI311422_A,TBGI311544_C,TBGI311810_A,TBGI311884_C,TBGI311996_T,id6016484_A,id6016490_A,TBGI312340_A,TBGI312430_A,id6016589_C,id6016755_G,id6016918_C,id6016941_G
1.0,-0.3309085040164881,-0.21891615924749144,-0.2327618718520531,-0.19917182139230294,-0.07027116433753286,-0.2103954154911585,0.017268029666518563,0.046645558264547825,-0.16612865954201392,0.01880764762938898,0.002103821197585494,0.06353167319759258,-0.33943619989594037,0.013107945420176929,0.02051836753580549,-0.010365132909027778,-0.03243083317654825,-0.003029310271214937,-0.02495746415403348,0.06798905612723218,0.008712785986969163,-0.21957879310497389,-0.23762878864568254,-0.2280967487937358,-0.2666171920303562,-0.23218088740441523,-0.04810922356641019,-0.04247211758417639,0.053904859868199824,-0.2717601297367614,0.06635100530220414,-0.09117120042744878,-0.014615115577842046,0.04855377882706412,-0.3264946970744715,0.1775528249348402,0.020755224418216298,-0.22090325977482028,0.21628557360864537,-0.19477446910162866,0.5802495942367967,-0.4596510462461821,-0.03543004146019184,0.4102753644325263,0.5559346065550588,-0.25386715961543965,0.48624721091404055,-0.04911197883022358,-0.23622991891831482,-0.1298357316115382,0.020994551875793247,0.48808107345548957,-0.29485412172740516,-0.33473762081319103,-0.16269940515204043,0.21032239106007874,0.4699341634877968,-0.008529449668027569,-0.4442378358177258,0.49806633040507825,0.24706445992318904,-0.26656664542112857,0.4739673594471326,0.27596330354888354,0.4895528122168941,0.2375745309661394,0.25402995394488215,0.23537325028934525,0.46076476745729594,0.4538177290394276,0.28632988539465776,0.4780766926379672,0.5110761336196035,0.4842236956475298,0.2460681447181749,-0.4669604432749688,0.41246620850371446,0.41166762280949704,0.4502004205137946,0.2614324945984065,0.4291615695443966,0.44869607215009477,0.4662881565912218,0.47878005996001516,0.4710976426491569,0.019825487810042373,-0.49305212666414017,0.5198007419271357,0.5388060791314457,0.530175067858079,0.45005101626295035,0.4615952299256445,0.5533781615826208,0.5212595818381117,0.5224283933598469,0.4807059725015919,0.5256834362693089,0.5205318186640081,-0.0034958866336211912,-0.09557193537678658,-0.3959827847554489,-0.2830169499563339,-0.29209913689030487,-0.2780904162634091,-0.13460347527552508,-0.1208765401362326,0.0690573171412268,0.09104285942713133,-0.19450757898671003,-0.04512584693909073,-0.3594975422393079,-0.07456999227662689,-0.07661508835246908,-0.17795681794681126,0.34965423877455837,-0.06172393103903765,0.17459989025752268,0.37468335409495,-0.19492427438476848,-0.23738156876779734,-0.1900024517563623,-0.09182071501323065,-0.14394980648483116,-0.15934937125080062,-0.09506190823526871,-0.18517063837257097,0.20522532181412068,-0.12832557024097488,-0.09875456244901358,-0.17595518993120035,-0.20759159439776437,0.022619289963066922,-0.12529813750717672,0.39082332661772523,0.022150239394205407,-0.1681937089496844,-0.19845667246881013,0.07250117605214997,-0.1864800523543259,-0.23059690416311207,-0.22434565981522883,-0.22143576370409637,0.2516389948768093,-0.13147880992747474,-0.1774149686867797,-0.10582757638931549,-0.2159824048359454,-0.15826277182396986,-0.13826696170152772,-0.07831210251534201,0.39188321606543386,-0.2154337117056052,-0.3391958089204054,-0.007672832773517537
-0.3309085040164881,1.0,-0.07054522289576391,-0.16111646419567863,-0.13395126190547052,0.08711150247279556,-0.14678559648542214,0.10378957476485016,0.1392722603172351,-0.2303757079300485,0.1495454355035205,0.14024423442965628,-0.01605975274513633,-0.17557433779216242,0.1066077318115517,0.07090500631784556,0.02030941292575729,0.22574550053647105,0.07105959779402192,-0.07841090561439108,0.14787123733517557,0.17375564304286412,-0.20022776076611395,-0.13079552243464443,-0.17302537648256652,-0.12564203066720675,-0.20430116303982504,0.049299167654122435,0.041184260136551694,-0.15077334008877452,-0.15599312343729863,0.10317846370441491,0.188351254862318,0.018108570006083822,0.07155269266055517,-0.00032160863377066006,0.060745533870367505,0.10714711190922421,-0.18168536139565927,0.07934364179414272,-0.17553165184373679,0.06375141024319694,-0.05657805038846855,-0.1582075673867051,-0.04894792871829838,-0.132223437973509,-0.22865774285171594,0.35546662127481504,0.3689614221430483,-0.1251080355766476,-0.10197888329053671,0.2503355254887881,0.22501367864938074,-0.07261161230715944,-0.07883787842789887,0.015275396926568723,0.0657312273073881,0.05328200119580624,-0.04651720763170934,-0.10466852904486074,0.13319032810567102,0.33583873431420486,-0.30955520687331334,0.06561556603519592,0.1830043052514215,0.10156278235155752,0.19738223581565095,0.22077337372321865,0.20528825235339596,0.09042493743904308,0.12410679705858077,0.17393150879284802,0.10479616185172658,0.05110487897396831,0.11235556727129291,0.19855287801212046,-0.07466207708651579,-0.16145247332059184,-0.1679053375493861,0.09958779848739041,0.19783464580644206,0.07705274769141394,0.03743600855107125,0.0967324237383521,0.11494652204914502,0.0805030095770326,0.06884329123194108,-0.14648341337572449,0.19918964276425308,0.16900172273474276,0.17515304219588665,0.2185640328483648,0.09260083654842072,0.17400933503446078,0.21373771678013279,0.21276979336849278,0.17807094558302886,0.1781868520281817,0.19335071790650454,-0.0005390582996246032,-0.172883309290597,-0.09066618143894807,0.015908121668112136,0.08116220373820618,0.23597191948334892,-0.11777477975725498,-0.0008342095090695706,0.1525866587839554,0.23627155113669004,-0.06372929988055662,0.20780495279025665,-0.13538804994688275,0.1652508647302488,-0.058331052371632205,-0.12013821773760212,0.0382598728498474,-0.10836880268461613,0.014162584297731854,-0.027068058910474667,-0.0767620496114789,-0.0836293647416231,-0.06541530584994343,0.19780215388811648,-0.09558184383198833,-0.06907197683380296,0.05103288543492301,0.02528123076438892,-0.1748068616471768,0.10989671226539216,-0.04928698865011585,-0.017146464177871898,0.10177224130963035,-0.15520078534389214,-0.019340502691052266,0.09314607542453782,-0.3118632405921003,-0.13116854007527493,-0.11976878220951895,0.03693028803880348,-0.11718525033125667,-0.0961094184745675,-0.08193522454001953,-0.10217522686746425,-0.08876233428838132,-0.11414708014896338,-0.08670077568456232,-0.09760693834986164,-0.08475352531238084,0.3310199755564285,-0.11617797924847693,-0.048241196296330405,-0.028780256701232704,-0.05948399148422744,-0.07490426966493495,0.09712795029855298
-0.21891615924749144,-0.07054522289576391,1.0,0.7275560350500274,0.9173426713934287,0.17399443361663677,0.7297364818712552,0.22271247527906543,0.17508024865789948,0.7079519581861885,0.18483867979367027,0.23115719914578006,-0.06088892500787894,0.6137983619628847,0.2165708151706192,0.1870215036066504,0.12651808987778,0.21303041734897618,0.09040101658851621,0.15861559868555994,-0.1011578026680163,0.18782323262921521,0.6672084821048674,0.7091450802299551,0.657963537151668,0.6823683563636689,0.6551808987384182,0.3479474285062241,0.34877603451038375,0.385881000408569,0.6622136641186689,0.1682231848390954,0.14393813997741445,0.29470664047519857,0.21820831482894887,-0.2812803426558718,0.08444566132598462,0.22407352215363968,0.6133037362166489,0.1917321339597475,0.6514301098561438,-0.14471668172661692,0.4559980320139512,0.6347455047978892,-0.5153876731403337,-0.15829500097141103,0.6367870389293462,-0.3620997225565945,0.00036952403227810785,0.6490802041961238,0.3102684971800457,-0.10303346292398644,-0.3560167432881475,0.01590436607156777,-0.32603824264367137,0.49587116408713194,0.09894537849770244,-0.1541566043262267,-0.34467577091957935,0.23270614621580313,-0.27779030338178057,-0.20755278441952044,0.14198718999058782,-0.31434800906335186,-0.23795808195172194,-0.34192921804409954,-0.24013037545919694,-0.2431775405453079,-0.23631084291353527,-0.32181338600269327,-0.3232194808269738,-0.27163473926576953,-0.35128816981869015,-0.3383781510093496,-0.35888732757279035,-0.24747994438112256,0.3018479709246062,-0.17807815879681735,-0.17393760822975549,-0.32574624625498566,-0.255720756365539,-0.3275259258985339,-0.27278025226611613,-0.32553504965507996,-0.3320799172196936,-0.32624859281300095,-0.05382486660157413,0.3610493685358252,-0.37722174645108414,-0.3759584619261595,-0.36593075491568255,-0.33775896879725503,-0.3531188589529431,-0.39094089763689427,-0.37845367714617767,-0.37276830206600775,-0.3646856512254732,-0.3780443350374716,-0.3800359962199927,0.05477043635783754,0.025679756542911936,0.15139635110048508,0.44634846763502595,-0.07794074187684719,0.3005538327270879,0.3485684498230338,0.1842963971452773,0.23065129903613757,0.07371502079433476,0.2658070500059176,0.10129938524615337,0.14606245491150213,0.14365074223747404,0.3091343912467832,0.39676045034790125,-0.14329925929128756,0.0796466863170682,-0.11838801383292606,-0.200857244658555,0.46671487410179113,0.39719411528888776,0.43405397572287285,0.19236355982548328,0.22706395650281072,0.4207514127198514,0.44219370047446876,0.2565698148936027,0.12355595911827959,0.27968013034425554,0.35377988732743476,0.3431985784782188,0.4379449903690271,-0.28318669235462274,0.4308511545616459,-0.273811027804715,-0.23607270370327155,0.14683798975549192,0.42622529674206344,0.234656355240648,0.41192916353020137,0.42097934062289055,0.3978929513593596,0.39633317021366415,0.16053154017088442,0.25631706683190036,0.2535830437481651,0.4008111968096413,0.390547400400348,-0.015308287421356249,0.11655853583095906,0.2002880779286919,-0.021632988229114684,0.25160567936490846,0.35753526032243416,0.0713698400886752
-0.2327618718520531,-0.16111646419567863,0.7275560350500274,1.0,0.7760835996073879,0.2568505376871795,0.9573571494936934,0.3010715939734174,0.24120907978038172,0.6197348910612558,0.2854238634552266,0.2883794540472711,0.09890995761416836,0.8313542596572886,0.2388931288660689,0.30171961283517684,0.25251752476803074,0.2514262578908809,0.18418519878291031,-0.016702880426004662,-0.046397778077857485,0.2751977583617207,0.8673494970536119,0.9521863313874852,0.8390379581013789,0.8230050518442328,0.8431568312554727,0.526641181149176,0.5266209156535976,0.6097954814584142,0.8328361478994081,0.23608934851919908,0.20338656881475212,0.47430340418152644,0.31823573687236384,-0.3315977993388883,0.19264211808096374,0.2932316076998143,0.8234571665858068,-0.0954834088436068,0.6979466133711756,-0.2095556367350592,0.5983532883151843,0.5953289427426529,-0.5876285026358885,-0.14873822044644322,0.7451767119968883,-0.3694076561424141,0.12155203966663153,0.7443515546942109,-0.04416519990359589,0.011297898454826363,-0.31884718072133816,0.02043341898582072,-0.23789055425925845,0.46821323717725344,0.05953814452962306,-0.2168778934173488,-0.3699288436291755,0.31337627449945676,-0.32701068570794495,-0.2762145398495303,0.1889299491839934,-0.28782892472858335,-0.19335359377081812,-0.28655002313053207,-0.21239842451247468,-0.20639180363720522,-0.22868275072196,-0.27118017936482486,-0.27736183715171087,-0.2454627941101772,-0.2980306786808373,-0.2914983611708895,-0.3005869817145194,-0.22660486860853918,0.2560571826871969,-0.11560302686322746,-0.11222764434471869,-0.2653750910772459,-0.24243300992003441,-0.27215186113066797,-0.2589856359362829,-0.28065366716791185,-0.29725080491081524,-0.27009329389242,-0.01739770049256479,0.2997786997194319,-0.375713627762466,-0.3969650459807759,-0.3718507390662266,-0.35791043181536875,-0.3432962422958507,-0.3811208945177642,-0.3738362727069269,-0.39099486433843766,-0.35238365644923286,-0.3946845562535752,-0.37609443405829407,0.05899702010581248,0.10986107498568057,0.07300468228652675,0.4885924391412002,-0.10907318131158615,0.26634185509874736,0.26782001195797867,0.09750744513307978,0.09717572656398066,-0.02940634568664002,0.06442909605451609,0.10208347798151172,0.21270541633791018,-0.03504280158409206,0.17466812740205803,0.12050803084837906,-0.06580755700915923,0.1302249543206579,-0.09260692698403128,-0.10970414897006585,0.16276574172267746,0.18996498846209267,0.11613518416959807,0.09181687828763466,0.1871451655709586,0.11550920524261157,0.21329364882497887,0.15965962516191426,0.007537960424916934,0.04554942326558038,0.14144055687840973,0.10800185538180294,0.31080651603586495,-0.1340513380619832,0.13456840956203203,-0.13379856490234446,-0.08624527732605128,-0.005561716074041948,0.23448569093849073,0.13123963334882252,0.25537177723857524,0.17881930503154167,0.15745841735948937,0.13590287757182842,-0.08074946718477771,0.19862868732459832,0.15881705252801254,0.1535290870310829,0.16183133686333612,0.11137640938081367,0.18343765096304268,0.1676575519728549,-0.15577545390338596,0.20703736120222757,0.1794064005624738,0.005568773391455601
-0.19917182139230294,-0.13395126190547052,0.9173426713934287,0.7760835996073879,1.0,0.26201785361839103,0.7900191688157397,0.25336557413621474,0.20397954946802843,0.7784505727288903,0.2071071806528195,0.23705162094037907,0.009006319716342151,0.6502444108953265,0.28839523785168664,0.2861349829906831,0.24523266188474802,0.24359504728640338,0.19130916213348576,0.20349398761312043,-0.12923293890958687,0.20876986643065853,0.7493832116250789,0.7689448700881547,0.6848967986482568,0.6255583548451775,0.6823172083666134,0.3176389129289786,0.3149925339259774,0.39612905736474574,0.7083438267137189,0.2400292877587009,0.16046515602098954,0.28420212498003794,0.24434256084758693,-0.25307031364779503,0.18514517675709363,0.22987347106726716,0.6469530989431443,0.1957404479362645,0.6972960253836054,-0.11649607798363583,0.4844713169456074,0.6607117988573796,-0.543551957612732,-0.12666903085314882,0.6901031221540976,-0.37744473416862306,0.09221381842830276,0.6778813781570037,0.3183717030888684,-0.01663776402053014,-0.42096201595479144,0.06781095872799156,-0.3100959490344447,0.5734134341437311,0.0967338396355902,-0.18864253148771196,-0.3717856499417898,0.3007522102140892,-0.324389233722201,-0.22647622002216772,0.15328692955683856,-0.37580419488142874,-0.2727599402217,-0.38736006524774086,-0.28839845818606114,-0.2934913892208961,-0.2797437413719429,-0.361863934648669,-0.3785136667711484,-0.3143116405864358,-0.40027433953737274,-0.38959457535669584,-0.4049370705501945,-0.29644205565492837,0.35515741667938566,-0.16678118467330452,-0.1622971042157167,-0.36240877404505306,-0.3090274334825946,-0.3661309478275278,-0.3264559024654016,-0.36591722330195847,-0.39099567094997906,-0.37197265830534676,-0.0257278573051008,0.3968763433742139,-0.39230498657714175,-0.4172479108722413,-0.3796383354963831,-0.3605313480955108,-0.3997333202034443,-0.4006186855481896,-0.39376319549107053,-0.3914054062172894,-0.3917482220813323,-0.4197001623185004,-0.39504515833510356,0.09652683940105324,-0.010690343621141874,0.1593603694657914,0.49163780467913254,-0.05959324508664227,0.3750970876139141,0.37129129605865435,0.25244719595500226,0.21754188078873535,0.09330399290869604,0.2889144398600018,0.06252255201331665,0.17368753737166537,0.11855550172583598,0.3314462366250267,0.40692143328577546,-0.14558294992968343,0.1460540419502679,-0.12476856250291622,-0.186977254525767,0.4911706739282529,0.4321744673292213,0.4695527869288197,0.18868755061480022,0.2916080671753396,0.43116708103155194,0.4282257149539744,0.32760446124271153,0.12901139317752927,0.2870603634099261,0.44545251621730336,0.37627711502056493,0.4396272022373369,-0.2873334639335439,0.5052240502171103,-0.24993680721034806,-0.23648346444999083,0.11236375657397929,0.4839831554893398,0.26833051805170555,0.4829369835562122,0.43051015043596064,0.40657242685355954,0.40544413695189463,0.15664523712619752,0.31247582018743086,0.2586244039256473,0.4256524148935728,0.408546704008932,-0.015044940284552064,0.11793107102392496,0.307790625380017,-0.03884935544453964,0.2754268090007311,0.3616111504327064,0.10365540004894568
-0.07027116433753286,0.08711150247279556,0.17399443361663677,0.2568505376871795,0.26201785361839103,1.0,0.28304791078499747,0.5696117508189945,0.603611915530241,0.10979447674667216,0.5864219599564338,0.5208736668408029,0.36320457633183034,0.030618118446851663,0.6824032732913969,0.6298566672862108,0.5002519397787768,0.6070743841032225,0.46979426739782787,0.035815768136970814,0.2437674607177175,0.6069761034306692,0.14461669777467923,0.26297058037338517,0.03311798452429754,-0.012567402751398272,0.03384492885529518,0.16090448976683872,0.17684113541405608,0.12430241712419132,0.11205764045817736,0.5779980124137957,0.21995749975301354,0.22431693816615184,0.5120014589616683,-0.03967166150987528,0.49344883224869773,0.5004280832850384,0.0912997311952852,0.12517878616012806,0.20252387735128327,0.018233973593362582,0.06322823202214856,0.21663478512868434,-0.153165267940124,-0.02060659673114669,0.05526070764811766,0.023112344668015483,0.399060745135303,0.011936515334491174,-0.021060364747964595,0.06025740415630269,0.004511136246755377,0.010829198085415584,-0.04004899319488782,0.02436687671473261,0.17734334879014713,0.026406819758945824,0.0682016578723181,0.1004799418313279,-0.02823946869784737,0.018078663337376427,-0.03730890536694833,-0.13057222287574713,0.04494671534654572,-0.06225934291001533,-0.06344465310349223,-0.0016941286034579362,-0.07286886439831683,-0.09626926497720004,-0.09168335352218175,-0.03245837063351086,-0.09051724013072762,-0.10771872536751673,-0.09483173812225454,-0.05425807518013933,0.1084692050844439,-0.08187641055776125,-0.09719656078690682,-0.05909438230252116,-0.04832629932207829,-0.05789374074602291,-0.14525089893273682,-0.07785804557173999,-0.06141457294469858,-0.09727863501063273,0.18488872031841472,0.07540976534350155,-0.1472749991700214,-0.21995821696742657,-0.1569575957327796,-0.14982741070856037,-0.15374268014094175,-0.16343210962443422,-0.16377906419820237,-0.15158755834860188,-0.20736048920869213,-0.19521832973376085,-0.1735868497268024,0.037037049507055046,0.08670154170380338,0.18162240228175164,0.16312141235060756,-0.012312223955869119,0.14265984572810753,-0.021845309702282427,0.18561668725869016,0.1534403416343351,-0.004299814814163669,-0.13155158961368435,0.10641184422382916,0.0455990349189384,0.034478840811699926,0.2490392945636042,0.04623010008454792,0.04522261661986094,0.09622140681623846,-0.09182296374846906,-0.01838899066610112,0.06163595948928624,-0.011902569197003906,0.024468687800788032,0.2692540470402151,0.03693031381474752,0.046681096314061594,0.14296992747938994,0.1871872135930411,0.0009553254748694372,-0.02789916924499617,0.18640192371647601,0.03984017712562752,0.06843248395911185,0.04926206872759772,0.17306407015275743,-0.028285176674847198,-0.10873637201508335,-0.007530381363526153,0.0826948510514531,0.2599021683568373,0.1304526692172072,-0.04357735853499378,-0.013425172719658776,-0.0325950998329691,-0.14242559973235355,0.16358818178744033,-0.07421429887358394,0.13433694696190052,0.0014234039170127272,0.07857658012745987,-0.09334614382271073,0.2182558386557357,-0.12098851820026019,-0.046209917902121034,-0.07214835414473379,-0.07856230486013473
-0.2103954154911585,-0.14678559648542214,0.7297364818712552,0.9573571494936934,0.7900191688157397,0.28304791078499747,1.0,0.30369004810096306,0.24793937521124007,0.6118543661900157,0.25813081786838726,0.2783803832338494,0.12155656174290178,0.8235243280718838,0.2715501376058168,0.3415356932337295,0.2794878010685191,0.28928201317203756,0.20635621657402042,-0.02387361791112989,-0.07564645676226966,0.2488045500032227,0.9150228314289561,0.9566784550405308,0.8287496871298358,0.791698011518309,0.8340280277652348,0.5040445143859609,0.49984511448514546,0.5697391950166693,0.852822453525148,0.25966958920772126,0.19248722791610717,0.4808683896799331,0.30673623796049665,-0.31956483205917197,0.2231569032556291,0.28380350663278436,0.8017730027483264,-0.06668988156047156,0.7305454898577293,-0.21386317576135125,0.5922319004327166,0.5680554130829204,-0.5889576151124297,-0.1353827292387663,0.7414220357139764,-0.3293181466719496,0.1521589913193021,0.7396934334954027,-0.05967282960850399,0.024975500888406735,-0.295931625791516,0.014233704383092795,-0.2289402416673631,0.42841338691543673,0.08970622181081257,-0.17256590858584017,-0.3147716722189659,0.2918318546803196,-0.29704066472974083,-0.25365604103053596,0.15633384689862073,-0.25640862353982175,-0.15819785814233442,-0.2587891649259843,-0.1798868610235296,-0.16801379829755878,-0.18872401828375987,-0.23622408651308266,-0.2484330224773251,-0.20747757332915218,-0.2775012864891558,-0.26722957424459604,-0.2788733410642653,-0.18486466464452272,0.24570503306590324,-0.130692930371746,-0.12697217718373824,-0.24231644226977647,-0.20302499126192142,-0.24746013373713743,-0.23644497387687266,-0.24133463612607883,-0.2694922170520287,-0.24683948218918816,0.01618430353752538,0.27422120666418026,-0.33974828719948186,-0.36869466938284423,-0.32785468495764974,-0.31305874057356264,-0.31119412800558505,-0.3503075935742016,-0.33909219229525217,-0.352358426131791,-0.3492935619350091,-0.3746477416224516,-0.3462619112885042,0.048986335872719305,0.083451220082111,0.055512598817174574,0.4797707893280208,-0.11726982623430465,0.2607005258094861,0.25755268318315533,0.13272110890351735,0.1390869415316522,-0.0025565247079969004,0.03089741873628813,0.14576212761530705,0.19644723577192066,0.009354000370981639,0.2079834499287257,0.10652546161306722,-0.042722929843973564,0.17316511325292552,-0.10251304782822057,-0.08028750620765449,0.14697793450270044,0.16661998768902345,0.1051233871406835,0.12402339215232029,0.1790743878870642,0.08573405802195314,0.23629653698693862,0.17032716048751453,0.007991117976395937,0.08763769495952961,0.16610983870124274,0.08860765774173142,0.28876888940693296,-0.1549432582719663,0.14072436087452705,-0.12401396789934549,-0.09897417670268198,-0.029025826462356363,0.23040715663129024,0.1541605789421511,0.2700943528597209,0.1508433469245009,0.12574094958175908,0.10987488088950748,-0.055536828746971516,0.23545575989837703,0.14757470855782925,0.21023905503081944,0.12987900046305975,0.10451568118854027,0.1711507270151114,0.20519123524572883,-0.13055857157074352,0.18980247239556633,0.14189172146182283,0.02358466369057129
0.017268029666518563,0.10378957476485016,0.22271247527906543,0.3010715939734174,0.25336557413621474,0.5696117508189945,0.30369004810096306,1.0,0.6940452639083476,0.07181765436221506,0.832782569740087,0.8666582207424319,0.3281334783378352,-0.03431405460925502,0.5089458983112245,0.7031857679943692,0.5227708262440756,0.7636215028982857,0.6808131683668307,-0.022550762862928318,0.4184488557052868,0.8503832386261252,-0.002517498095607153,0.29279146323888194,-0.046234536877511015,-0.07636812759223878,-0.042675126247835475,0.17007256071993934,0.16865561702898602,0.16662421083280635,0.015461726832210164,0.6972004018048247,0.5266930234386595,0.17739026777519568,0.7863947183094707,-0.08601374914010805,0.5863950879922154,0.8674084819722555,0.017241623766694882,0.17342627996748333,-0.020964558693538225,0.10677915140405075,0.059847416507444774,0.2473427972982656,-0.1580296298691125,0.10557370484787981,-0.0383789306978383,0.06852581383577724,0.45792554509336714,-0.07361838866814313,0.0028065884251939877,0.027880155387775232,0.11695102708638672,-0.0013339344521473874,-0.07543966225829032,-0.005238900244994517,0.1888065264704128,0.12721842715101564,0.07649384915370729,-0.023492851256564067,0.09163070740492092,0.10586964600997786,-0.10343546628832612,-0.023215532149265562,0.01276982312927072,-0.011673236497704529,-0.005278243593308965,0.0053160311081984655,-0.012157829765764894,-0.028514945669692197,-0.004756291738839768,-0.006555536111470995,-0.05050745197497016,-0.026110781211613178,-0.03281945388733471,-0.005603752256293031,0.045074476653319935,-0.04943863065717781,-0.04828911770407104,-0.015601192063288779,-0.0007669545575476153,-0.030294196127837666,-0.00038449959308080306,-0.029197109770624223,-0.01254186126806719,-0.04114573342730468,0.054046368416603666,0.059231365384501314,-0.05198392754973659,-0.10672648090509262,-0.06129337918087403,-0.0207765880948418,-0.11118501472600434,-0.05040394695718398,-0.054308046680715885,-0.05110320895373582,-0.030861219420668808,-0.08948056479781663,-0.07058029108037547,-0.09277692892572208,0.09845043946362911,0.10622341535055202,0.15767885211364166,0.008731458250523485,0.10209788253818396,0.03400623046922801,0.04796262741332599,0.08279831157345652,0.06301507172310862,-0.05001603791876701,0.11109663549234243,0.12772836531754914,-0.06552661961582393,-0.034186139561504264,-0.040199015979667164,0.019013192946906544,0.1054295058639676,-0.03286726081215244,0.04085970509742341,0.018666554222040145,0.001516598503414909,0.005381821682405219,0.05180110853972446,0.02419006161869879,-0.002032817454001505,0.18326244657210655,0.0175201106861665,-0.03866903454069434,-0.03822412558670315,0.06457659086466737,0.1114385158506978,-0.028861830790616706,0.1061445363508069,0.055595327934183536,0.007031457137756514,-0.03489663187302746,0.0001939067716288159,0.033702887254107194,0.0803155951264125,0.01773846824607742,-0.04094655977999628,0.012524876190557454,-0.01655061957331366,-0.08967752618130681,0.035100008555264677,-0.04515675107998698,0.04307959604124928,0.011615407807158784,0.03711480397811835,-0.033412470362359434,0.0405831132891175,-0.105580911549838,0.05285074662604977,-0.03447231388546746,-0.08055283379842491
0.046645558264547825,0.1392722603172351,0.17508024865789948,0.24120907978038172,0.20397954946802843,0.603611915530241,0.24793937521124007,0.6940452639083476,1.0,0.05803093124511543,0.8188050973440627,0.6408720607157905,0.29223529175053914,-0.05518632500191541,0.5454272676034249,0.7412706963134053,0.500408451166143,0.7700447726522179,0.47349766796909204,0.06115432860026619,0.3068229812235861,0.7946542250135691,0.04700937609508902,0.2484072724957734,-0.01733632159755285,-0.10186962859197915,-0.07617196281375484,0.15929532580911202,0.15796817164651164,0.11326523072977793,0.009895959872982594,0.7707697138413689,0.3817467802830874,0.18694020852436943,0.6867044845544249,-0.09806856237426845,0.5403502825350139,0.6730169375092557,-0.03989136496989215,0.1458250863468952,0.05578294867252783,0.1370515350944444,-0.029688002999366404,0.20978379070689343,-0.10067526779998988,0.07126279240831604,-0.03793041265506963,0.09705157311960932,0.46998896507301025,-0.06834472037628594,-0.02148919062925048,0.15806631025300805,0.11156314305701297,-0.017570719372533537,-0.04631196455502134,-0.015648000483894257,0.17536629006366977,0.07560804445706873,0.09035487282107228,-0.017739490303088093,0.07242412082893904,0.10805516531436352,-0.12818169172892757,0.01073842890760945,0.1410897339783675,0.09852528177789795,0.0732608492262844,0.1363831607938888,0.05868614164048215,0.07253139941567291,0.060828474920375644,0.08830120940814191,0.055186237606999144,0.039045412993222166,0.06803858149892782,0.0876915445646864,-0.0522338644427428,-0.006967981481969885,-0.02967217928067408,0.1028143510775049,0.07774935301597259,0.0781912472299638,-0.006546476992631957,0.08112860469438853,0.11168181081973556,0.05020402477370915,0.26747018778913995,-0.06033957953809747,0.04745224011925392,-0.04511546881317519,0.00833121971078278,0.011456586094004505,-0.009930481173685331,-0.00706563018963449,0.024647136712810404,0.04479610678836629,-0.013834467509037126,-0.002614419401793519,-0.016539843626622495,0.022488569185870087,0.03711568811598344,0.05210049075853416,0.08091680101866713,-0.0450494580193765,0.018251394713328362,0.022640429389554233,0.1066106010752628,0.09236732562920988,-0.0013534611589635823,-0.03990354188480955,0.09241732663227019,0.12968558626484528,-0.059059914250121824,0.01315711815578677,-0.0663784121899595,0.10774191559375361,0.0487341896775579,-0.05427189030814734,0.07673040222241624,0.0013582686702139498,-0.022703594253017947,-0.0067675673065224606,0.12502609747938748,0.05084321972335507,-0.0022029387102293955,0.18275537154109353,0.042858316812351464,-0.06671867641782077,-0.08133177960565978,0.17105537001735,0.06458349109030992,0.02154742073383814,0.10889300443892931,0.11903975493719965,-0.006569448294295027,-0.06359375597995105,0.023022099114049017,0.06557627774069734,0.09749402336725031,0.0944428709160883,-0.020722030105829337,0.02253801743929891,0.005082842202121623,-0.09538157120417387,0.17250008501417807,0.033797950394160926,0.106022460518172,0.04394092458467642,0.027945966987435816,-0.0044654394163638695,0.13360234214310382,-0.12301293326149197,0.007173679153381704,-0.05433570746751833,-0.11665399449040532
-0.16612865954201392,-0.2303757079300485,0.7079519581861885,0.6197348910612558,0.7784505727288903,0.10979447674667216,0.6118543661900157,0.07181765436221506,0.05803093124511543,1.0,0.031183564606464178,0.041020600247184465,-0.05253324626880154,0.6018931674058272,0.19810073622407254,0.09670994055018657,0.09154001146899814,0.06653626263334304,0.06657000328078133,0.15531767832619275,-0.19309624723992297,0.026323277045230735,0.6346559954733028,0.6046885373349336,0.5967166386181108,0.5286571008052988,0.5917909219703482,0.20936188125110605,0.21369201529389456,0.35225034545522405,0.6124598978144875,0.058564275087223124,5.938098752840355e-05,0.21883662937314535,0.0527428436075526,-0.1116824955386948,0.016018622517365553,0.04033915306522473,0.5567391437325364,0.07506802798795767,0.6102232593346765,-0.10820814558948433,0.40601983723353574,0.5111308497556697,-0.4689965809004405,-0.09454639753456244,0.6038565517619893,-0.4157271978803478,-0.03830233252223567,0.5884177839783512,0.25848304025020236,-0.05530383218985777,-0.43706089719936836,0.15883794088425454,-0.17386763344056186,0.45426463713709947,0.009049358776712462,-0.21592718002235334,-0.2630176386552617,0.3403952493795483,-0.35416695263038067,-0.264921857263907,0.20736476486380165,-0.37336572301231796,-0.3001619393941612,-0.39682605604947274,-0.29572887426820965,-0.3195357212890572,-0.2936821731566101,-0.37468369162825865,-0.4018371981474701,-0.33407039289920465,-0.41500751620621623,-0.38431730222401345,-0.41322137454636587,-0.3193214365221132,0.3699799691077433,-0.15384700645792893,-0.15632552763195365,-0.3764165881951484,-0.3282816825889827,-0.30802046605620953,-0.31839814746316303,-0.38025868117235206,-0.3945101568316954,-0.3896284404370777,-0.042746079051692455,0.4258472091543791,-0.38317660337134746,-0.3910761727999465,-0.3594847168063824,-0.3347635105137793,-0.338119214832729,-0.3894025998832421,-0.38833635144276935,-0.393347379291742,-0.3522935056960985,-0.3905630177154561,-0.399399923245073,0.09487784103722416,-0.021977167367485673,0.14377457387616333,0.3488175642525343,-0.0036773768079077685,0.264840434433405,0.3165366329256717,0.2854351514809489,0.115347065490443,0.019361197194067734,0.2688987583172058,-0.015636038856610746,0.17562963837150283,0.06436749817274999,0.3243341352046764,0.3388016922949838,-0.11909283917380106,0.16727412106894843,-0.1407432762359864,-0.13937344947809832,0.4499859773236217,0.40526256468548516,0.4462553517734204,0.08054406062490521,0.2659688015408054,0.39297273323842236,0.3793408480778482,0.29560497597062807,0.13961987867180503,0.20824688146436626,0.3801247398547871,0.3521392825273237,0.3883854482924694,-0.20462070514519176,0.392217095401115,-0.19437278995319254,-0.12927221049647591,0.05934615004028799,0.4219603124777938,0.24726730006696715,0.4058225787036111,0.40744090254744875,0.39168812946494613,0.3828627215433949,0.20147627639765514,0.3446916460451892,0.2805787111096058,0.3764221735855952,0.39158583780391276,-0.058017776769190704,0.18816273622408602,0.33971289684398326,0.010723979681805973,0.29771481564481284,0.3622661213440007,0.08325694534782596
0.01880764762938898,0.1495454355035205,0.18483867979367027,0.2854238634552266,0.2071071806528195,0.5864219599564338,0.25813081786838726,0.832782569740087,0.8188050973440627,0.031183564606464178,1.0,0.7670109405596275,0.2915306162731097,-0.03150347648694651,0.5251494466729747,0.6913784809805915,0.5089307124776136,0.799042731071945,0.57703161396319,0.08825353800650591,0.4335021171717644,0.95490466714588,-0.006893074890154926,0.2275846318269776,-0.053788559849656956,-0.07657106183208028,-0.07991841698698593,0.1853569609099047,0.1838126766630882,0.14492676923715292,-0.031097722278293865,0.7391251089546843,0.5130016807270679,0.1818334481240825,0.8234958227441346,-0.10169539507823315,0.5227301539726903,0.803199704870779,-0.0061587457830888,0.19802722698325925,-0.028662376778133138,0.10366640168331097,0.03462476926192507,0.2561343412991978,-0.11879051004536346,0.07765030371640719,-0.054655146307714265,0.07395470940460995,0.5297509553673447,-0.06969252746913132,-0.0033472221927732916,0.11622019809864631,0.09622803009510382,0.018519794900521257,-0.04168657588366568,-0.026952119744727106,0.17606824122091105,0.0963725892830297,0.08186688021503567,-0.0986875058354127,0.11733074566894962,0.08651331683363364,-0.11891299432488528,-0.008457269460334564,0.061945788703024314,0.04868173291161204,0.01299820694624308,0.05481298306216629,0.010717012268140575,0.016242045594505965,0.03918405408258354,0.012124421384137957,0.03235711200866549,-0.011711190292681067,0.028320542007745544,0.012817104194030642,-0.0223871585367805,0.02856598735622741,0.001164560383354068,0.04238608577608143,0.018778897721931868,-0.009124129885312134,-0.013721079553550179,0.03156457704338168,0.0319144718570984,0.024104021099858913,0.044830629437915,0.00046940018312167583,-0.0005031654191163608,-0.0985032928502571,-0.037357302244538565,-0.05259081005979913,-0.09343718150633555,-0.029612410533130854,-0.0038224747983179506,0.0007186812914575506,-0.03836421294197169,-0.06650181413686015,-0.019054134554765335,-0.07637703425161033,0.13049358743629763,0.06759368139489656,0.13828779255001658,-0.007491989167103756,0.08066837081898923,-0.00857647465763187,0.049833234151181835,0.08758175442582318,0.008126140458966336,-0.0482051156499644,0.07472941371151501,0.10675764057643024,-0.08642559553756733,-0.0435259062509873,-0.047763448651196555,0.03155469559101508,0.01318022957023419,-0.03905204358486698,0.016061975146824076,-0.030055869082877856,-0.03504214885255752,-0.04668816204404653,0.10402977155057208,0.014298039955427583,-0.011858740164358996,0.12683665401134991,-0.048926526136315464,-0.04576914620253707,-0.11303778876762939,0.04045832047918436,0.03534445915252047,-0.07054085835497842,0.15609467095718838,0.03248593841425147,0.0189835045580729,-0.008300280064195574,-0.011475835715088976,-0.015657606292142308,0.04872920506602201,0.01493269161730455,-0.05248968347457602,-0.00031280089228865113,-0.027467756937878285,-0.08050216270901629,0.03661890948250965,-0.05365410343762559,0.012637993664100011,0.025436384687071364,0.010684247404308555,-0.039699847709441294,0.044680611917660214,-0.08943887890454023,-0.011966345868010637,-0.028861568737184182,-0.09900871934492453
0.002103821197585494,0.14024423442965628,0.23115719914578006,0.2883794540472711,0.23705162094037907,0.5208736668408029,0.2783803832338494,0.8666582207424319,0.6408720607157905,0.041020600247184465,0.7670109405596275,1.0,0.34613367626100244,-0.04489796713735204,0.50693450966651,0.6647347619306382,0.486083967516581,0.7488525443888437,0.44246812924022016,-0.018732504985291575,0.493830368657277,0.833827581809472,-0.042827525716171926,0.2966662912339616,-0.06404762637093382,-0.0634376025119193,-0.061179786045946996,0.1643783503882778,0.163008847480072,0.2008183498142046,-0.03960504733923449,0.7035649232803799,0.4896142404268252,0.1525180054443714,0.7825498994433427,-0.09512640916196881,0.5725408986708618,0.9569291478389753,-0.028474402094144674,0.18196047285174344,-0.05659528617828756,0.11836583553048043,0.04418039954915626,0.251297508082112,-0.2141023884279832,0.08304966255777979,-0.0680524701054138,0.06817932980562932,0.448061674073234,-0.06115344483543769,-0.024362936821939202,-0.03151606631587213,0.1252655182203604,-0.030562877790419073,-0.08150021675395235,-0.050723129039673694,0.2084819370063378,0.15862034272986444,0.10200232565699896,-0.10212474619829942,0.12252601940864727,0.14162391383712947,-0.13497290789271998,-0.012701561192617524,-0.01124035122866533,-0.021298006354194026,0.0022477807495208247,-0.00768124112808926,-0.0033440313763673313,-0.017279153057597696,-0.02489388279810204,0.0014083640763586174,-0.017474758758864548,-0.015042524848666137,-0.020714748371457842,0.002048171043914552,0.01488312135733778,-0.04106776346684143,-0.040112884146101146,-0.033843818139166905,0.006139952455947848,-0.051698343113404176,-0.007006652303863009,-0.01780883357056806,-0.02209634512512056,-0.027603236349481405,-0.03255122556494349,0.07316655177935068,-0.054544335164787544,-0.0937804584098336,-0.044302514966865277,-0.047371106152278644,-0.1209285923633003,-0.05339882810788745,-0.0563714754109814,-0.053845269188930976,-0.0377753964299047,-0.0976945494295551,-0.0523259552814489,-0.11348510225387831,0.1489828027533437,0.09885038243213924,0.19370199163329527,-0.02083456852635007,0.0782380477906084,-0.04244970892812508,-0.053636679755388376,0.07511483715775522,0.045853042116934944,-0.0309758986805672,0.09712105136345696,0.1479312247164972,-0.11081264219674286,-0.09993185447589828,-0.03339258506774737,0.01784019373600066,-0.025889499944342826,-0.02730223056128464,0.08239386844902102,-0.04665361198395971,-0.044899648097837405,-0.04671756658667109,0.0017091798020760773,-0.03312886571674152,-0.03941495914952021,0.1499475145212197,-0.051887684732174005,-0.07514184235847528,-0.06510541817136199,-0.05038693460657023,-0.00129544372140511,-0.08095986768772269,0.11137256147277641,-0.05010643936772452,0.02961986527520639,0.002250832309900741,-0.017913128252670593,-0.05854359060230102,-0.07237558601683869,-0.065533927026079,-0.04934643851008506,-0.05029793829792221,-0.044920175165620385,-0.10251264783674599,-0.06566348376552086,-0.037510884659073714,-0.06887438457924962,-0.05088701196441372,0.08066732342899498,-0.02775512613201815,-0.05338541946741222,-0.07427733294930972,-0.037009640580925776,-0.04622752678703553,-0.11487097262880859
